Hk_1	Hk_2	Hk_3
36	26.4	7
36.46	8.58	1.4
28.5	14.9	0
21.9	28.8	0
29.8	1.2	0
32	0	0
27.3	12.5	0
37.26667	5.7	0
37.55	3.316667	0
38.6	1.3	0
37.5	0	0
32.26	0	0
34.1	0	0
39.7	0	0
37.6	0	0
29	0	0
27.12	2.94	0
23	0	0
33.7	14.7	0
32.56	0	0
22.4	0	0
27.8	17.9	0
7.3	0	0
41.2	0	0
0	33.4	0
12.5	16	0
31.8	11	0
32.8	0	0
23.5	39.6	0
65.6	0	0
36.9	21	0
28.9	1.3	0
22.38333	11.65	0
14.2	36	0
12.8	21.1	0
32.1	0	0
33.2	4.3	0
42.9	0	0
40.5	0	0
35.6	0	0
19	17.2	0
35	0	0
19.5	2.6	0
0	4.4	0
0	10.48	0
0	7.5	0
0	10.5	0
0	16.64	0
0	17.8	0
0	17.7	0
1	17.9	0
0	14.9	0
1.333333	18.93333	0
4.066667	22.96667	0
0	22.1	0
0	27.16667	0
0	15.575	0
7.8	13.2	0
27.1	6.2	0
18.8	4	0
30.95	13.475	0
18.3	17.5	0
19	20.9	0
23.3	15.4	0
25.4	13.4	0
19.6	10.7	0
19.4	6.9	0
15.5	18.4	0
11.5	25.7	0
10.4	9.8	0
3.8	36.3	0
14.4	15.9	0
0	32.1	0
0.9	36.5	0
15.95714	20.17143	0
0	35.6	0
3.4	45.7	0
5.8	33.2	0
2.5	28.8	0
30.4	15.2	0
35.9	0	0
23.4	16.7	0
20.4	16.9	0
29.5	17.3	0
23.7	4.8	0
24.75	12.425	0
22.5	12.2	0
23.95	14.35	0
16.8	21.5	0
11	21.7	0
5.6	24.5	0
4.4	42.7	0
0	32.7	0
0	17.8	0
0	20.6	0
0	44.4	0
0	33.1	0
0	14.7	0
0	27.4	0
0	41.7	1
9.7625	23.3625	0.125
0	31.5	0
0	19.9	0
0	5.4	0
2.2	33.5	0
0	35.7	0
3.8	34.2	0
0	35	0
0	13	0
14.3	15.8	0
18	17.3	0
13.55	17.575	0.5
9.4	11.4	0
6.622222	19.58889	0.04444445
0	20.3	0
0	23.6	0
0	16.84	0
0	26.3	0
0	21.8	0
0	19.3	0
0	31.7	0
0	24.3	0
10.1	24.1	0
5.34	26.2	0.38
11	21.3	0
21.6	0	0
12.04444	10.18889	0
13.9	0	0
7.7	24.7	0
13.7	17	0
8.25	23.5	2.65
12.25	14.75	0
0	42.3	0
6.6	25.7	0
4.32	22.74	1.88
8.44	14.92	0.4
0	22.2	0
10.6	0	0
0	27.7	0
19.9	0	0
10.16667	7.4	0
6.633333	12.4	0
6.633333	13.76667	0
3.533333	9.9	0
0	18.6	0
0	18.6	0
0	11.1	0
0	12.6	0
0	16.65	0
4	24.2	0
0	4.1	0
0	17.3	0
0	20.88	0
21.40148	19.38	0
0	12.35429	0
0	15.1	0
0	29.5	0
0	20.825	0
0	26.85	0
0	24.2	0
0	31.1	0
0	35.2	0
14.40087	11.26667	0
0	26.1	0
0	15.8	0
0	26.5	0
0	17.43333	0
0	23.39667	0
0	24.5	0
0	4.2	0
0	14.6	0
0	31.9	1.2
0	29.85	0.3
0	27.25	0.3
0	21.9	0
0	15.41667	0
0	31.1	0
30.2	0	0
0	31.5	0
0	32.9	0
0	22.7	0
4.975	19.45	0
0	28.875	0
0	25.425	0
3.1	28.9	1.9
6.1	23.7	3.5
9.2	21.8	1.175
7.575	24.5	1.35
6	25.2	1.2
5.1	31.6	7.4
2.11	30.22	1.546667
1.7	36.2	0
0	38.1	0
7.249014	21.65	0
0.95	18.125	0
1.66	25.54	0
0	8.2	0
34.6	0	0
31.8	2.5	0
32.32	0.74	0
29.8	0	0
35.1	19.9	0
43.975	0.3	0
0	12.4	0
0	20.6	0
10.14839	27.25	0.3
0	19.1	0
0	30.4	0
0	28.4	0
0	30.55	0.3
0	22.7	0
0	22.7	0
1.84	24.72	1.08
0	12.8	0
0	22.6	0
0	25.3	0
0	25.1	0
0	23.2	0
1.5	25.7	0
3.45	27.725	2.15
3.4	24.45	1.175
1.2	28.4	0
30.7	0	0
40.6	0	0
37.2	0	0
0	36.5	0
0.34	25.88	0
0.3	24.625	0
0	18.6	0
3.8	7.6	0
0	1.6	0
0	17	0
0	16.9	0
6.567258	11.3	0
0	17.6	0
0	22.5	0
0	25.925	0
0	22.775	0
0	22.4	0
0	21.1	0
0	20.2	0
0	14.7	0
0	22.23333	0
0	11.7	0
33.2	0	0
0	14.8	0
0.575	20.525	0
0	18.1	0
0.8	18.4	0
4.54	11.76	0
0	24.8	0
0.2	21.175	0
0.875	24.325	0
0	8.8	0
0	5	0
0	17.225	0
0	17.8	0
0	17	0
0	14.28	0
0	27.1	0
0	24.3	0
0	17.4	0
0	22.46667	0
19.3	0	0
28.9	0	0
0	8.9	0
0	15.3	0
0	25.8	0
0	14.6	0
0	15.7	0
0	2.5	0
0	7	0
0	4.8	0
0	7.4	0
4.331263	10.76	0
8.3	42	2
12.6	0	0
4.9	0	0
12.4	0	0
64	0	0
13.1	21.2	3.5
8.1	8.8	0
19.4	5.1	0
32.4	31	0
26	0	0
34.9	31	1.5
28	0	0
15.3	0	0
9.1	0	0
17.54	0	0
18.375	0	0
24.6	26.2	8.8
17.2	64.2	2.7
6.8	20.8	0
8.4	34	0
0	33.9	0
27.9	22.7	0
24.9	6.4	0
20.1	13.2	0
23.5	11	0
17.7	18.5	0
15.6	13.7	0
22.6	17.1	0
26	45	0
51.2	33.4	7.8
35.2	0	0
0	30.4	0
0	30.9	0
0	35.6	0
0	11	0
24.6	14.3	0
33.6	23.6	0.8
23.33333	20.8	0.8
21.8	38.8	1.6
27.6	20.6	23
17.05	5.15	5.75
10.7	0	0
8.2	20.2	2
30.7	16.8	0.9
26.5	22.1	0
30.4	12.4	0
34.9	18.3	0
15.65714	14.71429	0.5
26	21.2	0
36.6	31.7	0
19.5	0	0
29.11667	13.31667	0.15
34.5	14.2	0
25.8	17.4	0
15	17.3	0
29.8	0	0
17.0619	11.3	0.09047619
28.4	20.4	5.8
26.1	5.6	0
29.48333	6.5	0.9666666
32.11666	2.933333	0
28.225	15.525	1.45
32.2	17.6	0
27.33333	24.56667	1.933333
13.2	0	0
15.46667	0	0
26.4	0	0
22.94	7.76	0.32
29.5	0	0
10	0	0
5.8	0	0
29.9	25.8	4.1
25.8	1	0
29.5	6.7	1.025
29.23333	20.56667	1.366667
21.2	12.3	1.025
24.9	0	0
27	0	0
17.8	30	0
29.5	15.3	0
30	28.2	1.2
28.5	27.1	0
25.3	20.6	0
17.7	0.6	0
0	10.2	0
0.6	12.4	0
25.6	1.2	0
14.3	14.6	0
16.6	17.8	0
14.8	18.4	0
36.7	0	0
17.8	10.1	0
0	6.2	0
36.8	0	0
14.6	0	0
20.375	9.7	0.4
15.38	4.72	0.16
18.4	0	0
16.67143	9.7	0.5428572
26	0	0
41.3	3.3	0
48.4	11.3	0
36.8	11.9	0
48.9	0	0
12.4	0	0
15.6	0	0
0	14.8	0
10	0	0
15.5	0	0
18.84	0	0
12.7	0	0
19.4	0	0
17	0	0
10.8	0	0
8.170667	0	0
8.8	0	0
12.33333	0	0
12.3	0	0
12.8	0	0
18.3	0	0
19.5	0	0
31.8	0	0
28.2	0	0
13.5	0	0
21.7	0	0
25.4	0	0
18.3	0	0
7.9	23.9	0
19.1	0	0
14.3	0	0
24.2	14.4	0
19.55	13.43333	0.2666667
12.6	11.2	0
18	0	0
34.1	12.8	0
20.3	0	0
23.8	0	0
14.4	0	0
20	0	0
19	0	0
23.6	0	0
10.74222	0	0
33.1	15.7	0
21.4	11.2	0
41	0	0
4.22	0	0
28.1	21.8	0
21.43333	13.03333	0
21.2	0	0
22.3	20.3	0
40.9	0	0
18.6	15.8	0
17.7	14.4	0
13.2	20	0
7.8	23	0
1.2	21.8	0
26	32.3	0
45.1	0	0
18	21.6	0
34.48333	11.98333	0
52.6	7.3	0
40.43333	2.716667	5.87607
7.6	25.8	0
16.6	17.6	0
15.2875	17.4375	0
16.3	17.1	0
17.8	16.9	0
10.5	29.8	0
24.4	8	0
11.7	0	0
13.7	11.4	0
34.4	23.8	0
28.9	27.7	0
32.2	14.8	0
43.1	0	0
30	0	0
6.3	21.4	4.7
7.1	18.3	0
1.4	10.6	1.8
4.6	15.7	0
5.2	0	0
38.8	11.6	0
34.3	1	0
35.1	14.9	0
38.4	0	0
24.5	9.7	0
28.5	9.4	0
8.7	0	0
17	19.6	0
14.9	13.9	0
9.5	21.9	0
15.9	0	0
24.9	0	0
4.6	10.7	0
1	15.4	0
0	6.2	0
11.7	0	0
39.4	22.6	0
31.9	6.8	0
33.6	0	0
33.2	0	0
41.6	0	0
31.9	27.6	2
34.25714	14.65714	0.2857143
30.9	7.8	0
17.6	11.6	0
33	8.8	0
41.9	8.8	0
18.2	7.4	0
28.9	18.6	0
37.3	0	0
24.4	12.4	0
36.1	0	0
40.85	0	0
32.4	0	0
46.5	0	0
39.3	0	0
36.71429	6.042857	0
35.08333	0	0
37.6	0	0
54.7	9.9	0
33.48	11.34	0
33.6	0	0
25	0	0
25.675	5.3	0
29.2	0	0
28.13333	0	0
31.1	14.5	0
35	3.8	0
26.6	16.1	0
32.7	0	0
18.1	0	0
16	0	0
23.7	0	0
26.2	0	0
27.56	0	0
11.3	19.3	0
15.7	19.8	0
17.35	13.6	0
10.6	23.2	0
10.7	18.3	0
16.05	10.55	0
6.8	14.3	0
26.9	0	0
12.5	9.6	0
22.3	0	0
17.82	12.24	0
4	20.6	0
1	16.4	0
29	0	0
24	0	0
8.3	10.2	0
15.76	8.72	0
6.2	17	0
6.15	14.15	0
13.13333	10.03333	0
4.96	16.08	0
4.6	15.4	0
4.2	12	0
2.58	7.9	0
3.26	14.64	0
1.8	10.8	0
2.6	7.6	0
2.4	8.72	0
41.7	0	0
17.2	18.2	0
0	21.1	0
0	18.2	0
0	19.5	0
0	14.4	0
2.675	10.675	0
25.9	0	0
22.18	2.54	0
20.2	0	0
18.1	0	0
15.4	12.7	0
28	0	0
25.33333	4.766667	0
37.5	0	0
36	9.6	0
31.55	3.483333	0
24.4	4.8	0
25.4	0	0
22.7	12.9	0
24.4	3.1	0
17.6	3.5	0
15.6	9.6	0
2.3	13	0
9.625	6.05	0
3	11.2	0
3.9	5.5	0
3.1	7.3	0
0	13.2	0
3.414198	16.45	0
5.6	9.966666	0
1.425	12.3	0
0	13.3	0
0	18	0
0	15.3	0
25.1	5.8	0
28.46667	6.766667	0
36.2	0	0
31	0	0
36.2	0	0
22.75	2.85	0
26.4	1	0
28.7	0	0
30.2	0	0
32.9	3.52	0
32.125	1.25	0
30.85	6.9	1.75
11.6	0	0
21.6	0	0
8.7	0	0
33.9	0	0
26.15	3.65	0
32.4	0	0
31.24	1.36	0
24.525	6	0
4.9	24	0
27.3	10.45	0
28.975	7.7	0
39.1	0	0
24.9	0	0
31.5	0	0
32	8.55	0
32.7	10.9	0
24.075	7.275	0
25	13	0
18.4	18.2	0
38.4	0	0
22.3	0	0
26.08	4.78	0
28.18	3.04	0
29.5	0	0
38	0	0
31.5	11.5	0
30.2	3.4	0
29	0	0
27.6	0	0
23.8	4.2	0
33.2	8.4	0
31.73333	0	0
26.4	0	0
32.2	15.2	0
28	16.8	0
39.6	16	0
29.1	0	0
34.5	0	0
37.4	6.6	0
48.3	0	0
30.2	0	0
25.4	0	0
36.9	0	0
32.5	0	0
29.14	0	0
31.5	0	0
37	0	0
28.8	9.65	0
27.5	0	0
19	18.2	0
27.4	0	0
16.7	16.5	0
28.6	0	0
29	7.6	0
30.1	0	0
35.4	0	0
20.3	0	0
19	0	0
20.63333	0	0
30.4	0	0
28.26667	2.55	0
20.1	0	0
32.1	0	0
31.7	0	0
23.5	0	0
17.6	12.6	0
34.1	0	0
27.7	0	0
25.3	0	0
37.3	0	0
21	0	0
22.6	0	0
38.3	9.9	0
20	0	0
28.3	10.5	0
30.2	5.4	0
48.1	0	0
26.3	11.1	0
38.4	12.2	0
40.5	8	0
33.2	12.7	0
25.7	18.6	0
25.4	13.9	0
27.4	17.2	0
21.3	10.9	0
29.5	0	0
16.6	0	0
9.5	0	0
28.2	0	0
22.5	0	0
30.38	4.58	0
14.7	0	0
38.6	0	0
32.56	6.16	0
24.4	10.2	0
32.5	2	0
40.1	1.1	0
13.4	0	0
25.7	11.7	0
17.9	6.3	0
21	17.5	0
23.8	5.766667	0
28.9	29.3	0
14	0	0
33.2	0	0
29.5	0	0
30.26	6.753334	0
31.7	6.8	0
31.8	2.825	0
20.4	0	0
14.7	0	0
23.84	12.62	0
18.4	7.3	0
29.35	7.125	0
27.63333	9.3	0
12	0	0
43.7	0	0
27.1	14.7	0
19.2	0	0
27.3	0	0
33	0	0
9.7	39.8	0
29.4	0	0
37.3	0	0
30.9	0	0
30.1	0	0
21.66667	8.983334	0
29.7	0	0
19.1	0	0
26.1	0	0
23.21667	6.016667	0
37.83333	11.31667	0
30.4	21.4	0
45.8	0	0
34.1	12.42	0
40.38	0	0
32.6	12.5	0
23.7	15.4	0
33	6.6	0
51.1	1.8	0
11.68333	7.2	0
32.9	0	0
32.2	1.2	0
29	0	0
36.2	0	0
29.5	0	0
29.4	0	0
22.2	12.1	0
33.15	3.025	0
45.1	0	0
17.2	0	0
30.1	7.1	0
17.4	9.8	0
32.6	18	0
32.6	18.4	0
34.2	0	0
38.3	18.6	0
24.9	5.72	0
39.2	0	0
45.4	0	0
38.7	18.6	0
22.2	0	0
22.8	15.6	0
24.2	10.9	0
11.7	29.9	0
22.4	14.5	0
24.7	13.5	0
10.6	15.5	0
10.5	20.4	0
11.7	0	0
28.1	0	0
30.2	19.5	0
25.9	20.6	0
23.9	14.6	0
32.8	17.8	0
18.2	18.8	0
33.3	19.7	0
34.1	0	0
27.7	14.1	0
40.7	0.6	0
8	1	0
18.4	21.8	0
17.9	16.8	0
17.6	0	0
16.8	14.6	0
30.3	5.6	0
30.8	14.5	0
28.175	5.075	0
20.6	0	0
24.1	0.7	0
27.3	19.6	0
8.6	10.2	0
29.3	1.8	0
32.2	3.8	0
16.6	8.2	0
31.4	13	0
35.9	0	0
28.4	12.4	0
32	0	0
27.8	0	0
32.3	14.3	0
26.18	11.48	0
29.1	11.8	0
17.4	11.2	0
28.1	13.8	0
28.8	0	0
35.7	0	0
32.08	4.24	0
16.1	17.3	1.6
12.8	14	0
10.27619	12.87619	0.5666667
4.8	22	1.8
7.4	25.1	0
4.7	29.5	0
6.3	31.2	0
8.8	30.3	0
3.6	30.2	0
5.6	28.8	0
20.3	0	0
23.8	0	0
26.7	8.55	0
22.8	14.7	0
21.1	0	0
25.325	4.875	0
30	0	0
26.01667	13.46667	0
25.1	30.8	0
16.8	17.9	0
17.58	23.14	0
19.7	18.1	0
21.3	28	0
24.8	23.76	0
21.1	0	0
27.3	28.9	0
27.4	34.8	0
20.2	17.5	0
23.7	16.7	0
13.4	0	0
19.5	0	0
16.5	15.1	0
6.3	11	0
13.6	0	0
5.2	7.9	0
9.3	0	0
3.8	20.4	0
2.2	10.6	0
16.3	3.7	0
29.1	0	0
30.6	2.4	0
24.6	20.3	0
31.2	12.5	0
42.6	0	0
36.5	19.7	0
9	21	0
25.8	13.8	0
21.6	12.7	0
22.9	12.1	0
29.8	18.6	0
26.2	18.5	0
25.48611	17.95278	0.1708333
19.3	13.9	0
13.5	22	0
13.2	25.2	0
19.2	24.3	0
8.6	18.2	3.8
12.9	21.4	0
25	34	0
22.2	14.6	0
18.5	8.9	0
27.2	14	0
38.2	0	0
17.4	10.4	0
7.2	16.8	0
13.8	14	0
5	17.4	0
8.557143	9.257143	0
7.4	13.4	0
1.1	12.8	0
0	14	0
3.8	14.5	0
0	14.8	0
1.8	9	0
12.7	0	0
27.65	7.983333	0
17.1	0	0
12.7	18.6	0
21.1	0	0
33.6	13.28	0
49.5	0	0
27.3	16.5	0
22.7	25.6	0
46.1	0	0
22.4	24.3	0
25.265	18.3	0
20.76	15.4	0
34	26.2	0
24.7	18.9	0
25.2	23.4	0
25.2	10	0
35.1	0	0
33.7	0	0
26.2	0	0
26.4	10.2	0
26.1	31.6	0
31	22	0
30.2	9.1	0
49	0	0
27.8	21.8	0
35	0	0
27	0	0
34.2	0	0
13.2	10.8	0
28.8	3.2	0
10.8	17.7	0
2.9	9.3	0
8.3	22	0
2.6	16.7	0
1	14.8	0
4.4	24.3	0
6.6	14	0
7.5	19.2	0
6.4	14.6	0
4.1	12.6	0
4.7625	11.9875	0
6.4	18.2	0
5.166667	17.58333	0
6	14	0
3.3	11.3	0
2.1	18.6	0
1.9	13.2	0
1.2	16.7	0
2.2	21.6	0
0	19.4	0
0	13.525	0
1.53	12.11667	0
0	13.5	0
8.9	0	0
13	0	0
3.25	13.8	0
0	15.9	0
4.333333	13.9	0
0	8.8	0
10.7	0	0
9	0	0
10	21.1	0
23.325	9.925	0
27.6	0	0
17.5	0	0
19.8	7.5	0
15.6	3.7	0
11.7	5.3	0
15.9	19.7	0
30.4	31.4	3.6
54.3	9.2	0
35.5	0	0
60.1	0	0
37.3	0.8	0
47.4	0	0
31.7	0	0
15.1	0	0
52	0	0
47.2	5.8	0
39.8	3.2	0
48.8	0	0
50.8	14.7	0
66.3	0	0
18.7	16.1	0
28.6	15.4	0
35.7	15.4	0
13.8	0	0
28.2	26	0
48.6	4.8	0
52.4	3	0
53	0	0
47	0	0
6.6	11.4	0
60	1.3	0
27.8	31.4	0
57	9.3	0
20	0.6	0
36.425	5.875	0
38.7	22.9	0
34.7	17.7	0
44.2	0	0
43.1	0	0
39.2	0	0
53.7	0	0
58.4	3.6	0
40.5	0	0
49.4	0	0
56.6	0	0
44.6	8	0
28.8	0	0
37.9	0	0
42.1	0	0
40.4	0	0
40.2	0	0
38.6	0.8	0
39.2	2.2	0
36.1	0	0
22.6	0	0
28	0	0
38.4	0	0
20.2	0	0
22.8	0	0
54.5	0	0
43.7	0	0
23.4	0	0
32.2	0	0
16.5	22.9	0
29.6	0	0
53.4	0	0
16.2	27.2	0
14.9	21.2	0
34.4	0	0
39.6	0	0
31.2	0	0
43.8	0	0
34.18333	9.383333	1.3
39.3	0	0
30.2	10.6	0
28.2	0	0
39	0	0
30.8	0	0
48.6	0	0
32.2	0	0
20.3	17.6	0
46.2	0	0
18	0	0
56.1	0	0
30	0	0
12.8	0	0
50.6	0	0
49.6	0	0
48.2	0	0
23.9	0	0
19.5	0	0
25.3	19.6	0
26.86	3.72	0
10.1	18.6	0
40.8	0	0
17.8	28	0
29.6	7	0
16	15.6	0
33.1	0	0
27.34	14.4	0
27.8	33.8	0
29.6	0	0
23.1	5.475	0
28.9	0	0
27.4	25	1.4
33.6	0	0
6.7	19.8	0
20.2	5.55	0
17.5	0	0
10	2.4	0
41.4	3	0
35.4	17.8	0
36.2	13.8	0
38	29.8	0
45.6	20.1	0
13	0	0
14.4	0	0
26.8	11.4	0
30.725	8.175	0
32.5	0	0
30	33.2	0
33.7	0	0
21.4	0	0
26.6	16	0
24.2	0	0
35.8	5.3	0
17.8	16.8	0
42.3	9.5	0
39.8	18.4	0
39.3	6.1	0
46.5	0	0
14.7	24.6	0
14.4	32.8	0
43.9	8.2	0
26.2	0	0
21.1	22.5	0
15.3	14.3	0
50.9	3.7	0
30.3	7	0
22.8	8.8	0
58.3	0	0
16.4	0	0
16.29625	3.21875	3.59375
54.6	0	0
35.7	13.3	0
14.57778	19.77778	0.3
15.69667	4.22	3.86
21.9	0	0
4.033333	0	0
17	0	0
10.7	0	0
19.3	38.9	0
24.9	12.8	0
32.2	21	0
16.3	12.9	0
12.7	17.3	0
11.1	9.2	0
7.55	17.6	0
0	4	0
12.1	0	0
7	0	0
6.04	19.8	0
11.7	0	0
6.6	0	0
40.3	21.5	0
15.7	0	0
