K_1	K_2	K_3
200.216	204.5966	598.2632
403.4439	329.4266	606.6339
706.7098	326.887	0
371.6667	251.4444	0
541.3221	165.6667	0
529.5729	0	0
435.7949	1694.024	0
802.7666	289.9646	0
532.365	1035.034	0
1804.508	777	0
479.5271	0	0
453.3558	0	0
551.3326	0	0
1214.023	0	0
637.1037	0	0
1294.066	0	0
4194.422	281.3091	0
692.1304	0	0
68.12463	100.1156	0
715.1326	0	0
2375.73	0	0
369.3381	166.1117	0
728.2972	0	0
2335.864	0	0
0	245.5509	0
828.24	259.6563	0
1186.553	718.2097	0
407.3711	0	0
1220.604	1697.568	0
1498.346	0	0
159.2981	140.7257	0
746.0724	254.7213	0
657.3917	216.9964	0
1087.218	244.5305	0
1706.955	203.4949	0
2687.072	0	0
2668.841	213.6906	0
2580.436	0	0
2516.106	0	0
105.3708	0	0
1977.569	236.5578	0
803.4886	0	0
1626.851	1370.769	0
0	4706.083	0
0	5811.2	0
0	4372.68	0
0	1144.985	0
0	205.2163	0
0	5028.894	0
0	1628.853	0
154.8806	917.8783	0
0	3273.283	0
149.0266	2794.742	0
165.6339	719.6509	0
0	1264.968	0
0	1968.226	0
0	2635.72	0
1224.929	742.3779	0
1154.127	741.7611	0
470.2393	601.804	0
990.2034	667.4423	0
647.804	384.7525	0
599.7921	152.811	0
1855.24	909.4415	0
333.3063	252.0526	0
200.9082	91.93458	0
501.5876	323.3333	0
201.529	382.2554	0
484.216	202.4033	0
205.5096	274	0
785.1097	480.4285	0
860	268.1887	0
0	743.377	0
1252.424	403.9726	0
869.8304	273.6838	0
0	832.6163	0
75.52941	880.0963	0
248.9617	545.0434	0
37.8	687.6805	0
947.2717	1213.446	0
1668.944	0	0
994.4896	928.37	0
124.598	50.57396	0
1286.368	993.1525	0
191.8692	769.2519	0
824.3541	857.7655	0
734.7422	864	0
1052.147	922.5548	0
376.4038	394.7835	0
278.8364	534.6498	0
65.48163	142.7948	0
271.7182	280.823	0
0	488.2079	0
0	482.0955	0
0	383.3064	0
0	628.3591	0
0	268.4441	0
0	584.1224	0
0	574.6825	0
0	962.0955	203
650.093	1820.541	203
0	543.3397	0
0	52.9988	0
0	50.57396	0
83.51933	1599.041	0
0	3135.381	0
104.5789	594.0555	0
0	519.8936	0
0	365.4338	0
695.362	662.2177	0
736.9407	695.7347	0
35.88464	551.4282	258.7968
417.5663	707.1938	0
266.7671	435.6836	25.2654
0	260.9678	0
0	256.2598	0
0	139.4809	0
0	297.2249	0
0	324.9661	0
0	1565.587	0
0	1937.141	0
0	1590.959	0
918.3001	714.4726	0
1000.892	644.425	224.5012
611.6838	599.7395	0
116.2593	0	0
645.7097	78.6744	0
434.6259	0	0
268.5123	293.4379	0
169.3898	487.6201	0
172.6284	297.9077	211.4679
656.4469	638.842	0
0	202.8625	0
311.076	448.8972	0
191.4859	284.6758	204.7611
337.2759	492.3496	227.3886
0	457.991	0
255.9151	0	0
0	239.7553	0
164.6533	0	0
204.6489	561.3069	0
164.5575	399.5133	0
180.9699	878.218	0
204.687	664.4737	0
0	514.4946	0
0	931.9785	0
0	571.2209	0
0	195.598	0
0	206.9613	0
143.15	934.595	0
0	160.0693	0
0	96.22485	0
0	93.12514	0
1091.57	235.3467	0
0	2669.225	0
0	1054.407	0
0	364.878	0
0	672.2107	0
0	255.0866	0
0	775.5165	0
0	1745.074	0
0	5573.92	0
945.9338	101.3866	0
0	97.26084	0
0	1590.593	0
0	1659.606	0
0	3565.879	0
0	333.1134	0
0	201.5453	0
0	2976.564	0
0	1489.977	0
0	138.8795	203
0	163.0955	203
0	545.4415	203.3244
0	803.5447	0
0	609.0059	0
0	659.2153	0
271.6689	0	0
0	1032.166	0
0	3056.278	0
0	4455.202	0
154.2827	2575.441	0
0	1968.459	0
0	3101.341	0
927.1575	1880.583	203
668.9277	1658.72	203
515.6321	1322.108	212.4767
729.6404	1427.734	210.3946
248.0595	735.0583	203
166.4753	235.8295	203
184.7647	234.1535	67.96019
217.496	228.8022	0
0	144.896	0
354.3922	169.596	0
264.0435	93.93124	0
321.407	233.8577	0
0	364.6996	0
383.3124	0	0
319.4277	73.16	0
143.8285	204.9289	0
380.2081	0	0
373.1425	264.995	0
621.8405	244.7487	0
0	155.3361	0
0	55.62216	0
2047.043	88.75929	203
0	75.92113	0
0	131.8515	0
0	998.4079	0
0	774.2339	203
0	1519.269	0
0	2013.109	0
846.6297	3467.61	203
0	1136.797	0
0	667.6376	0
0	398.0632	0
0	736.3028	0
0	2051.666	0
329.8182	364.1341	0
63.4	97.89236	203
402.117	732.8694	203
269.7258	259.1516	0
359.6476	0	0
113.0153	0	0
135.2944	0	0
0	311.0598	0
263.4055	85.40205	0
228.2975	292.91	0
0	483.0794	0
229.2105	652	0
0	471.9919	0
0	319.2588	0
0	22.08379	0
62.22222	28.70778	0
0	27.98663	0
0	542.3329	0
0	165.1285	0
0	28.01869	0
0	1676.933	0
0	1589.716	0
0	1167.318	0
0	1157.377	0
0	1337.708	0
0	1344.708	0
750.7985	0	0
0	892.6094	0
596	553.1155	0
0	1192.565	0
433.6005	480.3038	0
366.7256	444.1465	0
0	331.0611	0
267.333	616.1835	0
276.5181	340.2522	0
0	369.5473	0
0	520.3968	0
0	478.0397	0
0	931.9499	0
0	912.5305	0
0	1375.163	0
0	1643.263	0
0	2343.094	0
0	2451.494	0
0	2052.986	0
554.0259	0	0
518.6403	0	0
0	1397.139	0
0	826.0037	0
0	834.6765	0
0	561.9643	0
0	542.2902	0
0	1207.228	0
0	2180.845	0
0	3045.262	0
0	3291.357	0
160.1232	2299.228	0
222.6675	978.6281	598.2632
1621.236	0	0
1311.211	0	0
75.44056	0	0
396.2648	0	0
354.5981	173.8068	598.2632
106.5454	107.6806	0
668.4484	479.4902	0
754.7294	632.3953	0
195.9927	0	0
295.7922	441.5412	598.2632
643.1553	0	0
178.1088	0	0
91.68743	0	0
3932.188	0	0
3049.877	0	0
1049.857	199.9489	993.5263
558.5588	840.0483	993.5263
1151.244	1196.753	0
475.3908	657.3796	0
0	1493.536	0
1029.641	1157.705	0
1680.145	1318.125	0
973.6816	907	0
2003.681	3266	0
1836.271	951.7621	0
601.8525	597.0876	0
647.0221	555.4211	0
259.3712	383.5897	0
361.1998	383.0208	598.2632
490.2477	0	0
0	890.4282	0
0	1519.369	0
0	2415.158	0
0	2721.034	0
501.7928	535.9573	0
587.5358	418.0676	598.2632
562.852	419.8906	598.2632
291.7328	418.0676	598.2632
491.2489	418.0676	598.2632
504.1875	418.0676	598.2632
182.1051	0	0
343.1435	475.3915	237.9673
727.1682	612.8124	964.9067
1118.532	903.8461	0
3626.868	522.9677	0
1864.441	605.306	0
594.3862	475.3723	170.9323
417.2469	649.1239	0
354.7231	158.0308	0
422.44	0	0
355.9854	251.8202	160.8178
413.9478	158.9648	0
2093.551	921.9951	0
2098.433	1564.746	0
238.0906	0	0
419.7904	360.8522	143.2533
1178.941	380.1442	771.8175
523.9387	74.32143	0
3164.746	241.4393	767.6588
4398.173	292.7596	0
1711.706	351.8095	787.0723
437.5341	339.25	0
1204.316	377.608	772.4276
1317.941	0	0
603.6488	0	0
375.269	0	0
509.1201	418.0676	598.2632
95.63051	0	0
891.63	0	0
788.9815	0	0
1424.979	498.6328	855.1101
271.3295	584.9454	0
277.1258	584.7241	862.0225
1294.366	429.616	853.1788
5015.585	452.1321	827.2254
463.8879	0	0
259.9111	0	0
330.3972	443.1055	0
439.4474	710	0
454.9922	336.7264	203
527.1544	280.3542	0
81.54546	170.8155	0
70.78247	33.33	0
0	2144.315	0
794.3282	2620.275	0
2303.904	468.8938	0
158.8312	231.9111	0
163.1566	241.2022	0
175.0405	160.8696	0
446.188	0	0
704.0586	158.3076	0
0	567.9784	0
1564.293	0	0
610.7672	0	0
557.4448	485.256	598.2632
557.272	434.9636	598.2632
852.7609	0	0
1060.036	1016.653	859.52
681.8307	0	0
492.7579	122.1818	0
2269.225	237.3451	0
1479.954	758.1831	0
1764.173	0	0
1551.379	0	0
1226.436	0	0
0	418.0676	0
3438	0	0
279.7426	0	0
5217.839	0	0
1225.252	0	0
182.4847	0	0
302.9597	0	0
1094.149	0	0
756.2389	0	0
571.2919	0	0
334.8622	0	0
305.8741	0	0
227.2416	0	0
209.776	0	0
228.8205	0	0
877.3711	0	0
46.4539	0	0
167.9862	0	0
484.2106	0	0
117.6063	0	0
50.46448	0	0
1914.183	2258.156	0
632.5913	0	0
389.2142	0	0
1018.365	590.4086	0
574.3418	345.6595	63.63454
258.4286	116.3214	0
446.0193	0	0
674.6575	777.0844	0
690.6987	0	0
1842.381	0	0
727.5573	0	0
1827.265	0	0
697.3141	0	0
158.8136	0	0
961.0004	0	0
563.3154	362.0463	0
736.2991	442.3929	0
522.6366	0	0
1438.39	0	0
888.7344	984.392	0
888.6164	979.155	0
411.8585	0	0
640.2402	1191.793	0
864.1296	0	0
721.7205	614	0
1626.136	1847.049	0
2574.747	2295.591	0
3928.579	2907.628	0
5687.5	4191.798	0
713.2589	346.8071	0
741.3658	0	0
1418.633	782.9259	0
596.7132	451.2502	0
1435.468	899	0
843.942	3065.643	724.7794
908.908	317.7031	0
1616.055	935.0671	0
1096.624	754.7632	0
166.6196	212.8421	0
2760.792	3481.95	0
1553.981	1939.953	0
4599.861	5797.25	0
188.6558	0	0
285.4809	928.809	0
627.6912	528.5856	0
1057.038	917.2672	0
1143.636	1093.409	0
741.898	0	0
335.5133	0	0
1546.494	1931.278	241.9167
2096	542.8416	0
2323.714	4339.727	203
183.413	260.0064	0
297.4231	0	0
457.098	279.3719	0
895.5831	269	0
194.0513	154.396	0
825.5938	0	0
478.0449	1293.258	0
1027.249	1415.84	0
138.1149	0	0
825.2762	615.7772	0
796.3893	874.1367	0
2025.61	1190.297	0
127.4207	0	0
209.8353	0	0
547.454	401.9563	0
324.62	599.1935	0
0	239.9677	0
235.8889	0	0
1011.244	336.5932	0
156.1317	158.5735	0
1269.256	0	0
570.512	0	0
321.899	0	0
691.3566	414.4221	494.5241
609.7998	393.4664	482.5825
589.8997	281.7692	0
569.462	1080.058	0
935.8546	268	0
1045.205	310.4203	0
156.6593	288.3784	0
189.263	203.8548	0
206.6666	0	0
1817.979	418.0403	0
693.7897	0	0
505.1698	0	0
886.2695	0	0
1393.12	0	0
210.5725	0	0
1720.218	621.615	0
1046.243	0	0
1159.738	0	0
1073.75	846.2222	0
1006.493	650.3876	0
530.7813	0	0
222.448	0	0
483.8421	515.2131	0
4486.73	0	0
5597.693	0	0
289.071	841.1514	0
226.9257	247	0
337.4699	652.1056	0
149.578	0	0
613.916	0	0
334.2	0	0
574.7933	0	0
2072.874	0	0
4305.38	0	0
699.9153	169.0265	0
360.1465	79.83839	0
429.402	205.0273	0
262.5795	109.7127	0
162.0748	143.3716	0
183.1158	143.5542	0
2321.157	166.9081	0
199.3048	0	0
1883.336	167.5417	0
537.1973	0	0
857.6782	183.4597	0
551.6148	345.7003	0
557.7296	449.3476	0
393	0	0
888.6	0	0
1137.527	524.6596	0
664.2796	555.2286	0
956.4514	675.0554	0
2842.033	5561.915	0
1164.025	272.5371	0
1034.508	535.6474	0
1594.888	2821.107	0
606.6218	929.2078	0
761.6306	1002.779	0
574.7077	495.176	0
726.4073	1825.414	0
2486.436	2144.068	0
819.4976	1320.534	0
2559.173	0	0
1788.273	363.2747	0
0	1997.035	0
0	1734.347	0
0	1046.513	0
0	366.75	0
265.1585	443.4653	0
485.4444	0	0
600.7576	152.9335	0
698.069	0	0
97.62984	0	0
634.5961	319.0263	0
527.7214	0	0
3978.618	190.8978	0
1220.421	0	0
4535.422	243	0
626.7078	338.0723	0
2692.115	430.3624	0
1070.283	0	0
527.6444	369.6959	0
427.9539	510.6013	0
754.4542	832.7679	0
1437.031	629.8662	0
1116.429	680.6898	0
1037.864	699.9863	0
949.2064	715.6226	0
794.1707	806.4091	0
1697.543	790.0192	0
0	848.7217	0
5869.977	1132.499	0
5869.977	330.9902	0
3701.958	1311.376	0
0	651.4572	0
0	437.5715	0
0	198.4706	0
2964.229	186.1743	0
1211.415	211.0361	0
989.4833	0	0
239.6855	0	0
815.2684	0	0
323.5193	462.5663	0
441.8364	719.0625	0
594.216	0	0
3915.9	0	0
576.6264	158.1788	0
213.0632	126.5858	0
2125.995	175.1336	623.8556
632.3762	0	0
655.5887	0	0
580.9425	0	0
409.1947	0	0
5916.948	96.04353	0
523.7901	0	0
245.4814	1622.234	0
809.0053	3540.173	0
946.0577	3791.523	0
1441.808	1521.735	0
370.9277	1866.502	0
923.9796	0	0
652.7751	0	0
848.1841	0	0
588.2812	424.2086	0
515.8807	1136.634	0
462.8452	328.0734	0
540.056	1953.077	0
624.0326	175.6593	0
643.7083	0	0
780.2018	0	0
513.3338	1330.123	0
1807.08	1670.911	0
784.2238	0	0
223.0132	0	0
207.9175	250.4783	0
561.0265	485.9412	0
642.2069	0	0
243.7899	0	0
667.521	1355.762	0
173.3072	73	0
6000	0	0
354.4583	0	0
4293.733	2061.842	0
1522.593	1343.619	0
3865.177	1607.6	0
2118.833	0	0
167.6029	0	0
2640.246	522	0
165.53	0	0
189.3113	0	0
118.6969	0	0
183.2087	0	0
742.8092	0	0
845.2629	0	0
176.0381	0	0
257.3027	0	0
266.3985	666.97	0
1311.854	0	0
1344.337	1068.242	0
2213.296	0	0
338.1677	123.303	0
284.7797	0	0
135.1566	143	0
359.6844	0	0
474.1215	0	0
698.6865	0	0
787.5984	0	0
1123.528	0	0
675.7264	0	0
1000	589.6937	0
1716.279	0	0
817.8268	0	0
471.9951	0	0
129.8687	0	0
1468.398	1452.857	0
224.5103	0	0
454.4267	0	0
523.787	0	0
471.5497	0	0
359.1429	0	0
1396.721	0	0
338.8914	206.213	0
853.085	0	0
242.6254	211.7905	0
1170.265	2938.667	0
329.2266	0	0
84.70722	64.75676	0
497.1406	351.3115	0
127.8346	215.65	0
219.5723	188.2913	0
171.5681	133.1505	0
603.8937	373.6043	0
788.8613	347.2442	0
1039.958	820	0
466.817	0	0
426.6879	0	0
957.8236	0	0
378.4929	0	0
298.6844	0	0
154.5979	250.7603	0
776.2857	0	0
747.6321	0	0
977.1326	802.4301	0
4563.889	4555.451	0
714.322	805.028	0
771.9843	15.40104	0
402.7792	0	0
276.1167	232.7179	0
830.8659	158.4127	0
455.6286	230.2825	0
890.4452	222.1955	0
295.3855	302.0085	0
1100.939	0	0
127.3614	0	0
876.539	0	0
998.5928	300.0481	0
362.7956	549.5846	0
691.1492	234.8755	0
1215.318	0	0
144.4966	0	0
926.6183	1039.923	0
118.3405	55.36714	0
467.2026	184.545	0
238.1613	213.7858	0
555.6508	0	0
110.0693	0	0
644.2147	598.2281	0
542.6667	0	0
1184.674	0	0
161.9476	0	0
1296.817	334.4858	0
862.4184	0	0
586.3673	0	0
306.1877	0	0
495.8673	0	0
439.1261	1400.245	0
612.5791	0	0
247.2509	0	0
216.897	0	0
3960.781	399.5412	0
945.507	400.686	0
424.4669	1253.141	0
560.9607	0	0
3661.179	420.2527	0
978.3194	0	0
1135.173	189.3772	0
157.4123	218.9487	0
236.2771	81.67368	0
135.2329	26	0
504.0716	293.801	0
179.3739	0	0
240.1687	159.2491	0
400.1655	0	0
660.6906	0	0
927.8068	0	0
488.3053	0	0
191.8378	89.09091	0
450.4296	869.3195	0
460.2505	0	0
250.9289	0	0
319.4815	500.7806	0
276.7471	292.7347	0
465.4908	834.0889	0
554.2761	471.1739	0
434.9591	0	0
280.7223	103.2684	0
434.8862	313.5482	0
825.1021	0	0
135.1057	0	0
488.7132	350.4032	0
1036.096	0	0
1538.561	856.1282	0
75.0248	58.77982	0
134.7659	141.6201	0
985.1899	820.0569	0
414.8623	492	0
1132	813	0
1573	979.0049	0
127.7933	0	0
1576.505	0	0
358.6424	417.2923	0
186.4319	348.4603	0
328.5838	449.7794	0
623.2775	317.7191	0
727.9561	1759.963	0
631.8528	556.7005	0
570.4252	0	0
87.89596	38.62909	0
294.5555	179.8072	0
714.8967	629.0892	0
992.413	1666.39	0
727.7933	843.8095	0
479.3289	0	0
207.9001	447.9964	0
858.6238	416.3929	0
382.721	199.2262	0
1178.598	305.6641	0
229.0474	0	0
268.0508	281.489	0
348.2051	278.1276	0
317.0644	669.8237	0
647.7614	154.303	0
805.1304	105.2632	0
4245.783	1675.634	0
676.0701	477.4	0
653.1049	0	0
386.3169	253.5484	0
604.8219	0	0
699.0072	0	0
344.4675	76.93707	0
522.0707	402.461	0
482.1593	390.1255	0
308.7701	272.8929	0
799.5872	740.0435	0
158.0544	0	0
763.2152	0	0
3171.787	730.3551	0
246.9012	179.4258	381.8073
847.1698	1358.961	0
1190.942	1740.757	97.46788
1383.416	558.4165	233.9149
316.054	586.506	0
604.5106	517.9221	0
3220.556	3509.5	0
1535.948	1367.868	0
1677.144	367.0163	0
261.9396	626.5951	0
396.7931	0	0
1809.33	0	0
2410.818	393.2581	0
1655.386	332.7483	0
386.246	0	0
2579.165	1509.729	0
2070.676	0	0
57.43842	938.1589	0
2121.773	922.3929	0
638.8332	751.2794	0
523.8082	798.4048	0
519.3295	531.163	0
333.6995	901.5714	0
105.1798	411.5056	0
3094.875	0	0
352.9707	382.1384	0
298.5949	432.2902	0
572.281	805.199	0
223.5527	267.9461	0
70.21642	0	0
1276.035	0	0
113.5212	137.245	0
1331.541	2080.107	0
759.3015	0	0
617.8038	419.7063	0
262.6129	0	0
794.8268	479.3242	0
112.5455	539.1132	0
449.8466	384.0884	0
364.5567	0	0
508.8171	218.5927	0
918.1329	741.157	0
86.40829	85.52865	0
413.4742	0	0
2788.125	1710.511	0
38.84042	165.5645	0
4755.279	2732.798	0
200.9611	246.3079	0
252.877	265.9267	0
842.5648	373.2667	0
684.9534	379.7498	0
1874.138	360.3505	137.8709
383.1465	1204.887	0
1588.841	734.4697	0
1057.303	411.4286	0
239.4253	803.174	0
140.4767	260.7582	993.5263
1370.744	1008.294	0
235.28	144.9088	0
265.891	243.4485	0
355.9946	191	0
284.4338	104.4214	0
478.8822	0	0
266.282	282.3757	0
261.8055	472.8095	0
123.1957	72.66428	0
3849.775	4065.927	0
2282.803	2349.079	0
1785.169	706.164	0
1377.62	2225.104	0
0	3448.072	0
3680	3649.393	0
0	911.8304	0
371	154.0889	0
191.3071	0	0
507.916	213.4394	0
577.8112	0	0
1222.016	994	0
441.8048	0	0
901.3066	830.9681	0
397.499	0	0
686.4935	795.6801	0
789.4714	858.9609	0
354.3492	0	0
1704.366	1383.07	0
750.5689	522.4167	0
1495.7	863.5463	0
357.6088	470.0141	0
948.0055	509.7984	0
387.9706	175.2748	0
273.3231	471.7581	0
1061.209	0	0
914.7276	0	0
738.6314	0	0
543.7201	120.951	0
1231.556	206.3987	0
468.3288	195.5178	0
532.4768	194.7692	0
192.249	0	0
263.5033	109.4626	0
254.4857	0	0
175.7333	0	0
290.848	0	0
1386.109	121.5269	0
2997.063	168.125	0
110.7685	132.7232	0
1649.257	1680.716	0
1517.737	2178.419	0
686	301.0898	0
229	222	0
2629.007	3062.547	0
3140.152	3456.871	0
1926.587	1115.109	0
998.9719	1166.261	0
1839.753	1911.059	0
1583.113	1980.359	0
282.5	1337.791	0
5283.247	5843.435	0
1308.517	1256.713	0
776.9697	652.8318	0
198.0147	92.55969	0
477.7133	529.1746	0
182	450.6347	0
532.974	506.7342	0
0	876.0525	0
0	1375.468	0
481.498	1566.341	0
0	274.4445	0
463.8114	0	0
333.9223	0	0
1997.178	2205.889	0
0	1238.425	0
1382.298	1138.439	0
0	658.8246	0
58.57664	0	0
892.3666	0	0
803.8195	862.7136	0
897.0788	872.5855	0
455.8554	0	0
480.5	0	0
975.7778	140.5467	0
155.7692	245.1892	0
466.7436	498.5094	0
1152.069	281.3401	0
553.5811	402.2783	654.0632
738.0693	139	0
393.0535	0	0
194.4492	0	0
622.4182	139	0
1095.741	0	0
229.164	0	0
1860.135	0	0
978.7131	0	0
1584.928	971.1035	0
1870.105	2793.5	0
98.16312	0	0
226.8218	169.2915	0
260.543	0	0
123.531	217.8417	0
801.719	137.1991	0
271.159	127.8482	0
785.3406	0	0
180.8465	75.7493	0
418.9745	1652.172	0
1512.393	2205	0
511.7661	0	0
271.4638	0	0
1203.196	3036.665	0
1009.418	1435.31	0
829.3643	1250.483	0
377.2972	228.7452	0
297.7569	177.7447	0
278.6784	131.2845	0
349.5898	347.3933	0
994.0809	658.1321	0
159.905	0	0
980.0374	0	0
277.3776	0	0
853.6462	0	0
282.113	155	0
94.96049	0	0
170.1275	0	0
505.53	0	0
330.0628	77.4	0
329.7986	0	0
213.7467	0	0
154.0594	0	0
462.1535	0	0
237.8781	0	0
1924.611	244	0
680.2806	694	0
120.9892	0	0
177.8584	0	0
238.2357	0	0
821.237	0	0
583.1673	0	0
469.0526	0	0
112.9413	0	0
293.0229	0	0
188.1197	0	0
535.6733	0	0
204.4364	227.0437	0
130.6757	0	0
178.3277	0	0
507.3642	350.9853	0
731.7141	745.6326	0
125.5523	0	0
145.2323	0	0
242.1474	0	0
1074.941	0	0
533.3555	101.6774	99.71053
1959.033	0	0
1447.199	458.9057	0
577.4938	0	0
616.8307	0	0
691.2402	0	0
871.1893	0	0
511.4876	0	0
1072.946	229.8523	0
253.1125	0	0
278.7111	0	0
1726.99	0	0
1448.093	0	0
2848.516	0	0
177.9822	0	0
454.621	0	0
1237.988	0	0
201.6904	0	0
72.54359	0	0
910.079	629.5153	0
406.5404	195.7256	0
468.9215	978.6281	0
214.2545	0	0
561.6505	1261.682	0
366.1419	85	0
650.4407	352.1505	0
702.3716	0	0
702.5643	430.8863	0
375.4604	215.4142	0
2033.115	0	0
924.1584	127.6408	0
182.2122	0	0
424.1253	298.7599	646.7809
129.5417	0	0
380.2895	357.4795	0
323.9662	144.0181	0
210.7657	0	0
937.043	531.2125	0
407.058	575.4333	0
845.5819	1790.888	0
821.9834	1751.087	0
426.6395	267.755	0
633.9588	661.4059	0
526.4882	0	0
385.2325	0	0
426.3955	142.4737	0
369.9643	555.7397	0
459.7593	0	0
739.5467	1610.843	0
428.3027	0	0
422.6901	0	0
242.5468	114.0553	0
731.0125	0	0
594.0738	772.0222	0
968.8539	1474.976	0
635.2092	1216.288	0
238.8643	945.3913	0
1077.849	1385.747	0
879.4533	0	0
63.97063	1715.585	0
493.1805	534.2653	0
241.3882	170.201	0
834.8891	0	0
663.4313	678.9867	0
301.3987	640.8741	0
386.611	299.2162	0
132.0363	1048.593	0
352.2982	475.6136	0
425.8902	0	0
544.3415	0	0
581.1529	104.5169	149.5658
226.9638	0	0
661.5212	3630.147	0
820.0835	723.3504	110.3918
293.6173	142.1719	199.4211
1193.681	0	0
889.2327	0	0
269.686	0	0
925.974	0	0
165.8425	237.8182	0
379.0507	1137.339	0
2315.049	3760.27	0
192.8479	126.917	0
920.7513	2636.108	0
1086.643	1105.426	0
271.6689	6071.346	0
0	50.57396	0
675.4429	0	0
56.89013	0	0
230.5979	643.9379	0
206.8365	0	0
127.4207	0	0
253.8802	400.0779	0
877.3907	0	0
