Mp_1	Mp_2	Mp_3
0.3423889	0.3385606	0.34
0.3377728	0.3407636	0.3417893
0.3542105	0.3334899	0
0.3288584	0.3190972	0
0.3264497	0.112	0
0.33025	0	0
0.3191209	0.35256	0
0.4177885	0.3116165	0
0.3302591	0.3283287	0
0.3196373	0.31	0
0.3374667	0	0
0.3337064	0	0
0.3284164	0	0
0.3421662	0	0
0.328883	0	0
0.3077931	0	0
0.393477	0.3006027	0
0.3384783	0	0
0.291276	0.3030612	0
0.3636293	0	0
0.3244196	0	0
0.3196763	0.299162	0
0.3294521	0	0
0.3596359	0	0
0	0.3020958	0
0.32072	0.317	0
0.3300943	0.32	0
0.3027205	0	0
0.3401702	0.3507828	0
0.3986738	0	0
0.3102981	0.3093809	0
0.329481	0.309858	0
0.2969828	0.3025362	0
0.3321831	0.3021389	0
0.3384375	0.3557346	0
0.358972	0	0
0.3588987	0.3419455	0
0.3431236	0	0
0.3512099	0	0
0.2964607	0	0
0.35	0.3482558	0
0.3139143	0	0
0.3373333	0.2769231	0
0	0.36	0
0	0.4374075	0
0	0.36	0
0	0.37	0
0	0.3292381	0
0	0.3729015	0
0	0.3135593	0
0.2719711	0.3622922	0
0	0.3134899	0
0.2709952	0.3635729	0
0.2707529	0.3232655	0
0	0.3541177	0
0	0.337956	0
0	0.3391257	0
0.3612821	0.3619697	0
0.3381919	0.33	0
0.3253191	0.3352968	0
0.3420717	0.3435097	0
0.3471038	0.34	0
0.3307711	0.3062627	0
0.3358369	0.3426623	0
0.3527953	0.34	0
0.3121939	0.2831776	0
0.3236082	0.33	0
0.2829032	0.2421196	0
0.3629565	0.3670428	0
0.31	0.32	0
0.35	0.3460606	0
0.3179167	0.32	0
0	0.3386916	0
0.3534701	0.33	0
0.3436911	0.3275049	0
0	0.3451966	0
0.2188235	0.3293654	0
0.35	0.338494	0
0.2204	0.3390278	0
0.3447697	0.34	0
0.3424791	0	0
0.3164102	0.3451481	0
0.2878431	0.2677515	0
0.3725763	0.3749711	0
0.3045148	0.343193	0
0.3291143	0.3515827	0
0.3046222	0.34	0
0.3581237	0.3615709	0
0.3505357	0.3503256	0
0.2923636	0.3319816	0
0.2838261	0.305048	0
0.36	0.3593443	0
0	0.3313761	0
0	0.3297753	0
0	0.331767	0
0	0.3480406	0
0	0.32	0
0	0.3363265	0
0	0.33	0
0	0.3632614	0.38
0.2717753	0.402977	0.38
0	0.3307936	0
0	0.2908694	0
0	0.3844444	0
0.35	0.3466567	0
0	0.3661345	0
0.3055263	0.3345322	0
0	0.3332	0
0	0.33	0
0.352028	0.36	0
0.3371667	0.34	0
0.3048146	0.355108	0.3255041
0.3297872	0.3508772	0
0.2213776	0.3538781	0.03696992
0	0.3676847	0
0	0.3131356	0
0	0.3482395	0
0	0.3553993	0
0	0.35	0
0	0.2616062	0
0	0.3783596	0
0	0.3406173	0
0.3681188	0.3584232	0
0.329427	0.3483765	0.3293231
0.355	0.3792958	0
0.3040278	0	0
0.2367204	0.1034027	0
0.3323741	0	0
0.3247602	0.3212081	0
0.3573723	0.35	0
0.3296246	0.3537666	0.3332137
0.3307315	0.3401526	0
0	0.3115281	0
0.3666667	0.3673541	0
0.3307315	0.3447505	0.3363981
0.3576853	0.3607686	0.3327293
0	0.3266667	0
0.3230189	0	0
0	0.3606137	0
0.31	0	0
0.3157281	0.3518385	0
0.3007319	0.3388974	0
0.3101272	0.3530846	0
0.3000262	0.3428848	0
0	0.3323118	0
0	0.345914	0
0	0.3341895	0
0	0.3826984	0
0	0.3525174	0
0.2625	0.3242975	0
0	0.34	0
0	0.3586127	0
0	0.3231099	0
0.3387176	0.3554002	0
0	0.3542804	0
0	0.3346943	0
0	0.3192881	0
0	0.3417436	0
0	0.3680666	0
0	0.3342149	0
0	0.3639729	0
0	0.3622727	0
0.3340417	0.3508087	0
0	0.3743678	0
0	0.3419617	0
0	0.3579843	0
0	0.374523	0
0	0.3211016	0
0	0.3045567	0
0	0.3628972	0
0	0.3321781	0
0	0.3774922	0.34
0	0.2889163	0.34
0	0.3786466	0.3460059
0	0.3575428	0
0	0.3327754	0
0	0.3076607	0
0.3009272	0	0
0	0.36	0
0	0.3507599	0
0	0.3783637	0
0.3088542	0.3529833	0
0	0.3570834	0
0	0.3212864	0
0.37	0.3657439	0.33
0.36	0.3791983	0.3734286
0.35748	0.3707585	0.3618634
0.3615707	0.3752261	0.3588494
0.34	0.36	0.34
0.3188235	0.3544937	0.3340541
0.2773008	0.348266	0.111742
0.3341177	0.3500552	0
0	0.344042	0
0.3077308	0.370156	0
0.3166676	0.2985998	0
0.3412734	0.3573836	0
0	0.36	0
0.3279191	0	0
0.3128302	0.228	0
0.3320372	0.1808047	0
0.3186846	0	0
0.3147863	0.3103518	0
0.3214894	0.1570224	0
0	0.3412903	0
0	0.3681553	0
0.3682268	0.3631389	0.34
0	0.3628418	0
0	0.3522368	0
0	0.342676	0
0	0.3481821	0.34
0	0.3689427	0
0	0.3632159	0
0.3656308	0.4000825	0.33
0	0.3445312	0
0	0.3500885	0
0	0.3264229	0
0	0.3366813	0
0	0.3533621	0
0.3566667	0.3576654	0
0.2557442	0.3277067	0.3340541
0.3573731	0.3573105	0.3340541
0.35	0.361162	0
0.3237459	0	0
0.2958103	0	0
0.337056	0	0
0	0.3496712	0
0.3301321	0.3294635	0
0.329353	0.3528271	0
0	0.3505376	0
0.311579	0.34	0
0	0.375625	0
0	0.3102941	0
0	0.2860151	0
0.3061667	0.2921689	0
0	0.3468182	0
0	0.3681333	0
0	0.3348013	0
0	0.2974128	0
0	0.3698214	0
0	0.3603239	0
0	0.3581188	0
0	0.3442588	0
0	0.3627138	0
0	0.3791453	0
0.2318675	0	0
0	0.3548649	0
0.359	0.3587606	0
0	0.3606324	0
0.36	0.3428261	0
0.3335617	0.3273393	0
0	0.3468145	0
0.3256676	0.3473246	0
0.3376394	0.3496795	0
0	0.3472727	0
0	0.36	0
0	0.357795	0
0	0.3596629	0
0	0.3492153	0
0	0.3440102	0
0	0.3502583	0
0	0.34942	0
0	0.3755172	0
0	0.3592041	0
0.3334715	0	0
0.3368166	0	0
0	0.36	0
0	0.276549	0
0	0.3566279	0
0	0.3318396	0
0	0.3313376	0
0	0.3372	0
0	0.3237143	0
0	0.35	0
0	0.3197297	0
0.3039516	0.3468552	0
0.3359036	0.3374286	0.33
0.3461619	0	0
0.336531	0	0
0.09573387	0	0
0.32618	0	0
0.3529008	0.3581132	0.3534286
0.3026296	0.2869886	0
0.3349485	0.3209804	0
0.332037	0.3487742	0
0.3115	0	0
0.3429226	0.3527742	0.33
0.3420589	0	0
0.2882724	0	0
0.3012088	0	0
0.3676567	0	0
0.381171	0	0
0.3026016	0.3	0.32
0.3390116	0.3449844	0.3059259
0.3591177	0.3563462	0
0.3397619	0.3724118	0
0	0.3651032	0
0.3389247	0.3324229	0
0.3506827	0.3548437	0
0.3380597	0.35	0
0.3548085	0.36	0
0.3579661	0.3391351	0
0.3339103	0.3361314	0
0.3375664	0.335731	0
0.324	0.3385778	0
0.3296484	0.3399401	0.35
0.3785011	0	0
0	0.3441118	0
0	0.3357841	0
0	0.3264275	0
0	0.3643636	0
0.2992683	0.2969231	0
0.3538095	0.3386441	0.34
0.3521667	0.338182	0.3365266
0.3350459	0.3323711	0.2975
0.3428261	0.3318447	0.3193043
0.3152339	0.3318447	0.3193043
0.2951776	0	0
0.3558536	0.3543564	0.323
0.3501629	0.3295833	0.33
0.3361887	0.3321719	0
0.3616118	0.3292742	0
0.3540688	0.3332787	0
0.3291841	0.2003007	0.09428571
0.3220769	0.3383019	0
0.3437978	0.3406309	0
0.3269231	0	0
0.3242821	0.2726051	0.055
0.3262319	0.3122535	0
0.3428682	0.3402299	0
0.3614	0.3552601	0
0.3170134	0	0
0.3331461	0.2787255	0.05543107
0.3492253	0.3481373	0.3824138
0.3503372	0.3303036	0
0.3520466	0.3539947	0.3736745
0.3618996	0.3482335	0
0.347894	0.3480821	0.3778231
0.3706025	0.3513068	0
0.3471515	0.347682	0.3814569
0.3439932	0	0
0.310824	0	0
0.3272348	0	0
0.3287131	0.3323711	0.2975
0.295322	0	0
0.3778	0	0
0.3317726	0	0
0.3404014	0.3395737	0.3568293
0.315	0.3428655	0
0.3151232	0.3428635	0.3549396
0.338898	0.3318058	0.3565918
0.4008194	0.3361473	0.3608235
0.4385371	0	0
0.3472222	0	0
0.3405056	0.3504667	0
0.3168508	0.336	0
0.3195333	0.3339007	0.335
0.3194737	0.3167528	0
0.2910672	0.303932	0
0.2869209	0.284	0
0	0.3654902	0
0.35	0.3684315	0
0.3566016	0.34	0
0.3453147	0.320274	0
0.3172891	0.3169775	0
0.3200676	0.3166087	0
0.3241417	0	0
0.3608427	0.3390099	0
0	0.3672581	0
0.3536141	0	0
0.3335274	0	0
0.3490611	0.3402682	0.3383696
0.3459892	0.3386725	0.3384336
0.335	0	0
0.2885461	0.3086747	0.3325864
0.3230077	0	0
0.3171913	0.299394	0
0.3368182	0.3211505	0
0.3522554	0.3709244	0
0.3524949	0	0
0.3532178	0	0
0.3524239	0	0
0	0.3046081	0
0.35356	0	0
0.3590384	0	0
0.3517334	0	0
0.3495827	0	0
0.3275143	0	0
0.3285552	0	0
0.3290567	0	0
0.3284402	0	0
0.313431	0	0
0.3153811	0	0
0.3054797	0	0
0.2471022	0	0
0.3068689	0	0
0.3458718	0	0
0.3441069	0	0
0.3242766	0	0
0.3551647	0	0
0.3556114	0	0
0.3459449	0	0
0.3262787	0	0
0.3735443	0.3699582	0
0.3391259	0	0
0.2975559	0	0
0.3590083	0.3455555	0
0.3332712	0.3293549	0.06
0.3268413	0.3157143	0
0.3296876	0	0
0.3589736	0.34	0
0.3562654	0	0
0.3235463	0	0
0.3353629	0	0
0.3236505	0	0
0.3281105	0	0
0.3436695	0	0
0.3360424	0	0
0.3469788	0.3382803	0
0.3280841	0.3253571	0
0.3279512	0	0
0.3454211	0	0
0.370427	0.3443119	0
0.3677213	0.3428445	0
0.33	0	0
0.3443049	0.35	0
0.3400244	0	0
0.3373118	0.33	0
0.3535593	0.3556944	0
0.3463636	0.3428	0
0.365641	0.3552348	0
0.3955	0.3718991	0
0.3380385	0.3290093	0
0.3119734	0	0
0.3513667	0.3469445	0
0.3300673	0.3314861	0
0.3411027	0.35	0
0.3181649	0.3227451	0.3564
0.3547368	0.3548837	0
0.3764458	0.3786932	0
0.352643	0.3564475	0
0.3101227	0.3163918	0
0.36	0.3671598	0
0.3539048	0.349396	0
0.354918	0.363	0
0.3093918	0	0
0.313302	0.3517703	0
0.3638663	0.3629412	0
0.3352941	0.3380145	0
0.3388509	0.3487162	0
0.3440928	0	0
0.3215333	0	0
0.39	0.3007477	0.39
0.36	0.2582514	0
0.3915714	0.3541981	0.336
0.3065652	0.3175605	0
0.3223077	0	0
0.3517784	0.357931	0
0.3435569	0.32	0
0.3134217	0.3103423	0
0.3403125	0	0
0.3237959	0.3523711	0
0.3478947	0.3467021	0
0.2991954	0	0
0.3670588	0.355102	0
0.3311409	0.3476979	0
0.3551579	0.3491324	0
0.3272327	0	0
0.2827309	0	0
0.3369565	0.36	0
0.3368	0.3413117	0
0	0.3245484	0
0.3169231	0	0
0.3463705	0.3490266	0
0.3086771	0.3110294	0
0.3489583	0	0
0.3348795	0	0
0.3200721	0	0
0.3481191	0.3483333	0.35
0.3358467	0.3469802	0.3489741
0.3327184	0.32	0
0.3477273	0.3458621	0
0.3364848	0.3209091	0
0.36	0.3239823	0
0.3195165	0.3250811	0
0.3094948	0.3142419	0
0.2822252	0	0
0.3359016	0.3279839	0
0.3028532	0	0
0.3057373	0	0
0.3355556	0	0
0.3385161	0	0
0.307659	0	0
0.3450908	0.3115549	0
0.3457473	0	0
0.3467553	0	0
0.3431444	0.3476768	0
0.3770616	0.3310117	0
0.3424405	0	0
0.30728	0	0
0.3346234	0.3286372	0
0.335137	0	0
0.389959	0	0
0.36	0.3797241	0
0.3175429	0.32	0
0.3110789	0.3361366	0
0.3075229	0	0
0.3441989	0	0
0.319625	0	0
0.3110127	0	0
0.3464122	0	0
0.3945177	0	0
0.3739823	0.3511917	0
0.3195287	0.2743788	0
0.3140061	0.3444394	0
0.3713208	0.3524138	0
0.3095701	0.303847	0
0.3099112	0.3039301	0
0.35	0.3481818	0
0.3110037	0	0
0.321872	0.3048646	0
0.3347982	0	0
0.234198	0.316754	0
0.3575	0.3445631	0
0.3293416	0.3115854	0
0.3101724	0	0
0.33525	0	0
0.34	0.3449019	0
0.3332198	0.3423429	0
0.3535484	0.3382941	0
0.3672823	0.3888969	0
0.3432942	0.3151994	0
0.3509538	0.3304346	0
0.34	0.3458441	0
0.36	0.3663333	0
0.3434405	0.353018	0
0.3815149	0.3678921	0
0.36	0.3561111	0
0.35	0.3563158	0
0.3505425	0.3530911	0
0.3378657	0	0
0.3401744	0.3182967	0
0	0.3463507	0
0	0.3550549	0
0	0.3545128	0
0	0.3291667	0
0.2820183	0.3312453	0
0.3364865	0	0
0.3362568	0.299228	0
0.3061386	0	0
0.3012155	0	0
0.3677922	0.34	0
0.31	0	0
0.4089639	0.3675463	0
0.3204267	0	0
0.3661	0.311	0
0.3322398	0.338398	0
0.37	0.36	0
0.3349134	0	0
0.37	0.3473643	0
0.3285381	0.3381322	0
0.3365909	0.33	0
0.3294231	0.3208333	0
0.34	0.38	0
0.3388754	0.3500599	0
0.3176667	0.336875	0
0.34	0.3476364	0
0.37	0.36	0
0	0.35	0
0.3790097	0.3466368	0
0.3790097	0.3216896	0
0.3681462	0.3535639	0
0	0.34	0
0	0.3383889	0
0	0.3172549	0
0.3737052	0.38	0
0.3508802	0.3423892	0
0.3497845	0	0
0.3600271	0	0
0.3404053	0	0
0.3265705	0.3383847	0
0.3414394	0.32	0
0.3293728	0	0
0.3449669	0	0
0.3415577	0.3239305	0
0.3519961	0.3259154	0
0.342227	0.3328262	0.3398434
0.3527586	0	0
0.3493519	0	0
0.3078161	0	0
0.3050442	0	0
0.3795107	0.3229224	0
0.3131481	0	0
0.3370906	0.2951699	0
0.3128458	0.3183243	0
0.2867714	0.3163883	0
0.3248613	0.3239117	0
0.313708	0.3363275	0
0.3392072	0	0
0.3176305	0	0
0.3319048	0	0
0.3265634	0.3538482	0
0.3612233	0.34	0
0.3352734	0.1605494	0
0.336424	0.3456154	0
0.3385326	0.3021978	0
0.329349	0	0
0.3320628	0	0
0.3174269	0.3349444	0
0.3252352	0.342082	0
0.3249491	0	0
0.2555711	0	0
0.3159206	0.3207304	0
0.3660265	0.3651176	0
0.3225517	0	0
0.3082101	0	0
0.3313109	0.3382857	0
0.3091777	0.2946667	0
0.4040931	0	0
0.3145455	0	0
0.3577267	0.3453947	0
0.3473214	0.3420476	0
0.3613232	0.3481	0
0.3506529	0	0
0.3108058	0	0
0.3522193	0.33	0
0.3079917	0	0
0.3092053	0	0
0.3026575	0	0
0.3037019	0	0
0.3135477	0	0
0.3266738	0	0
0.3	0	0
0.3177405	0	0
0.3116555	0.3438186	0
0.3264727	0	0
0.3395368	0.3312418	0
0.3525328	0	0
0.3085629	0.2902424	0
0.3181818	0	0
0.3463517	0.35	0
0.3263555	0	0
0.3296045	0	0
0.3627586	0	0
0.32	0	0
0.342618	0	0
0.3304605	0	0
0.3555607	0.3331469	0
0.3125871	0	0
0.32	0	0
0.3173462	0	0
0.3051329	0	0
0.3851023	0.3852063	0
0.313607	0	0
0.3318162	0	0
0.3470456	0	0
0.3371581	0	0
0.3354286	0	0
0.3485398	0	0
0.3622977	0.36	0
0.3344	0	0
0.32	0.3117143	0
0.3338609	0.3408518	0
0.3093825	0	0
0.2972395	0.2902432	0
0.3348438	0.3334426	0
0.2990444	0.2983	0
0.3259247	0.3185591	0
0.3045136	0.2946236	0
0.3272835	0.3239568	0
0.3377372	0.33	0
0.3448826	0.35	0
0.3275254	0	0
0.323156	0	0
0.3117895	0	0
0.3006738	0	0
0.3232	0	0
0.273608	0.3116385	0
0.3342857	0	0
0.325285	0	0
0.3271597	0.3290084	0
0.3696025	0.3523235	0
0.3233384	0.344	0
0.312135	0.2687957	0
0.3408209	0	0
0.3035019	0.3045299	0
0.3148603	0.3136508	0
0.2679524	0.3258897	0
0.3286715	0.3172293	0
0.3138858	0.3092833	0
0.3341799	0	0
0.3080723	0	0
0.3353559	0	0
0.3356577	0.2575161	0
0.3183596	0.3183847	0
0.3459654	0.2729253	0
0.3431863	0	0
0.3063945	0	0
0.3307627	0.2042063	0
0.3367932	0.3198485	0
0.315956	0.330335	0
0.3179992	0.3224968	0
0.31975	0	0
0.1980229	0	0
0.3347343	0.3302585	0
0.3309375	0	0
0.3342857	0	0
0.3284242	0	0
0.3415326	0.3155622	0
0.3229252	0	0
0.3132172	0	0
0.2911683	0	0
0.3119488	0	0
0.3088579	0.348778	0
0.327037	0	0
0.3160507	0	0
0.3099737	0	0
0.3274797	0.3430699	0
0.3265096	0.3254529	0
0.3254573	0.3432306	0
0.3245633	0	0
0.3603094	0.331658	0
0.3452047	0	0
0.3392207	0.2972604	0
0.3053292	0.3043264	0
0.3452121	0.3515151	0
0.2934051	0.28	0
0.3055701	0.1139196	0
0.3115501	0	0
0.3376397	0.33	0
0.3187931	0	0
0.3208011	0	0
0.3364407	0	0
0.3383673	0	0
0.2927477	0.3007438	0
0.3324542	0.3054862	0
0.3338581	0	0
0.283327	0	0
0.3256146	0.31	0
0.3237586	0.3280816	0
0.3400613	0.3503444	0
0.3289877	0.3270652	0
0.3187135	0	0
0.2989277	0.2070417	0
0.3186778	0.2375296	0
0.3203827	0	0
0.3058656	0	0
0.3260724	0.3156989	0
0.34	0	0
0.3444211	0.341718	0
0.2964545	0.2916881	0
0.3030893	0.3084427	0
0.38	0.3596552	0
0.3248988	0.33	0
0.35	0.34	0
0.35	0.3438235	0
0.2705427	0	0
0.3075445	0	0
0.3102649	0.3318461	0
0.3073678	0.3273616	0
0.332636	0.3360274	0
0.3260671	0.3241011	0
0.3365824	0.3564787	0
0.3379429	0.3344772	0
0.3253138	0	0
0.3012768	0.2146272	0
0.3101731	0.3055337	0
0.3155	0.32	0
0.3392391	0.3428899	0
0.3345587	0.3365	0
0.3229545	0	0
0.3004929	0.3289303	0
0.3362376	0.3339286	0
0.325056	0.3135346	0
0.3485515	0.3165736	0
0.316534	0	0
0.3189211	0.35	0
0.3095238	0.3159184	0
0.3169399	0.3108862	0
0.362628	0.35	0
0.331441	0.2968947	0
0.3602892	0.3408537	0
0.4058535	0.3914461	0
0.3471031	0	0
0.313662	0.3175161	0
0.33475	0	0
0.3321223	0	0
0.3125696	0.2907692	0
0.354069	0.2775747	0
0.39	0.3732203	0
0.3248276	0.3276964	0
0.3821317	0.3838841	0
0.3107745	0	0
0.33607	0	0
0.3599737	0.3487676	0
0.3480745	0.3537572	0.36
0.3328438	0.3416429	0
0.3158089	0.3263327	0.116
0.34	0.3444546	0.3311111
0.3267567	0.3356574	0
0.3515106	0.3522576	0
0.3814445	0.3883269	0
0.39	0.3752805	0
0.3553333	0.3094338	0
0.2902002	0.3092267	0
0.3214778	0	0
0.3407563	0	0
0.3627712	0.3310226	0
0.3546053	0.3245578	0
0.3770943	0	0
0.3913397	0.3503716	0
0.3425	0	0
0.2639382	0.3388439	0
0.3321514	0.3349675	0
0.30125	0.02597765	0
0.3115761	0.2612683	0
0.2947716	0.298674	0
0.3195305	0.3303571	0
0.2976304	0.33096	0
0.3209953	0	0
0.3291209	0.3290657	0
0.3164489	0.3232845	0
0.3556436	0.34	0
0.3092532	0.3146886	0
0.2818358	0	0
0.2609606	0	0
0.1538182	0.2709934	0
0.3479365	0.35	0
0.3354559	0	0
0.3485	0.3349114	0
0.32	0	0
0.35	0.3587745	0
0.3049091	0.3243962	0
0.3380982	0.3381081	0
0.3171478	0	0
0.3454575	0.3175	0
0.3352339	0.3284624	0
0.2763872	0.2989196	0
0.3143897	0	0
0.3106575	0.35	0
0.2633169	0.2993693	0
0.3793387	0.3813477	0
0.3127731	0.3237402	0
0.3186463	0.337438	0
0.3410201	0.3240753	0
0.3138931	0.34	0
0.3396164	0.3310561	0.06013726
0.3166321	0.3379137	0
0.3488852	0.3296782	0
0.3462121	0.3226587	0
0.35	0.380535	0
0.302907	0.3070879	0.3236842
0.3437985	0.3152336	0
0.31452	0.2933235	0
0.3617567	0.3469863	0
0.3275622	0.316	0
0.3201103	0.2742143	0
0.3199215	0	0
0.3600575	0.3495192	0
0.3737222	0.3837143	0
0.3048986	0.2958929	0
0.3688	0.376092	0
0.3206087	0.2874046	0
0.3697297	0.37	0
0.35	0.3625781	0
0	0.3624286	0
0.348	0.3351862	0
0	0.3654054	0
0.33	0.3120333	0
0.3148032	0	0
0.3182521	0.1115692	0
0.3339181	0	0
0.3084252	0.3443011	0
0.331564	0	0
0.3415105	0.3291727	0
0.3257374	0	0
0.3317949	0.3451515	0
0.3242114	0.3288555	0
0.3180911	0	0
0.3183928	0.2902057	0
0.3286351	0.3323082	0
0.3468569	0.327034	0
0.3253559	0.3300458	0
0.3295546	0.3484127	0
0.3253651	0.3139786	0
0.3101587	0.31	0
0.342188	0	0
0.3419585	0	0
0.3354198	0	0
0.3352235	0.3	0
0.3460536	0.3010127	0
0.37	0.3789546	0
0.3279801	0.2953846	0
0.31	0	0
0.38	0.3694496	0
0.3077429	0	0
0.3107037	0	0
0.3138889	0	0
0.3674242	0.3791667	0
0.3381875	0.314375	0
0.3031482	0.3018079	0
0.3865517	0.39	0
0.351312	0.3611395	0
0.34	0.3162276	0
0.32	0.3045946	0
0.39	0.3694239	0
0.3444546	0.3413357	0
0.3353333	0.3091146	0
0.33	0.34	0
0.3289268	0.330873	0
0.3438718	0.3514742	0
0.35775	0.3714615	0
0.4315119	0.3896981	0
0.36	0.36	0
0.3382121	0.3355398	0
0.3164622	0.2743928	0
0.36	0.35	0
0.316	0.3215689	0
0.3327775	0.2989459	0
0	0.3540206	0
0	0.3607968	0
0.2355734	0.3605675	0
0	0.3081481	0
0.3318184	0	0
0.3199692	0	0
0.3292294	0.4083384	0
0	0.35	0
0.3285951	0.3510027	0
0	0.3377273	0
0.2614393	0	0
0.3204444	0	0
0.324	0.332654	0
0.3195884	0.3366401	0
0.3110507	0	0
0.3421714	0	0
0.3384343	0.3060667	0
0.3163397	0.3191081	0
0.3321196	0.3341321	0
0.3259119	0.2565482	0
0.346579	0.3586624	0.3333333
0.3287845	0.3210869	0
0.3164789	0	0
0.3069384	0	0
0.3270777	0.31	0
0.3326582	0	0
0.2994953	0	0
0.3294702	0	0
0.3455962	0	0
0.3462415	0.3399655	0
0.3495879	0.348	0
0.2760635	0	0
0.3500787	0.3438776	0
0.3092474	0	0
0.2642338	0.3176059	0
0.3597203	0.358052	0
0.3069328	0.3096546	0
0.3032609	0	0
0.2905239	0.159944	0
0.3236625	0.33	0
0.3462633	0.349	0
0.3212679	0	0
0.3105958	0	0
0.3770286	0.3936902	0
0.3399333	0.36	0
0.3478705	0.3274522	0
0.311298	0.3142984	0
0.34505	0.33	0
0.3207159	0.1636632	0
0.3161539	0.3246528	0
0.3251933	0.3309859	0
0.2989593	0	0
0.3339258	0	0
0.3105612	0	0
0.3378212	0	0
0.3069863	0.31	0
0.3016815	0	0
0.3108178	0	0
0.3232686	0	0
0.3067713	0.297	0
0.3292014	0	0
0.3143483	0	0
0.3014584	0	0
0.3031683	0	0
0.3155124	0	0
0.3550518	0.325	0
0.3298316	0.328	0
0.3038315	0	0
0.2771682	0	0
0.2984286	0	0
0.3405469	0	0
0.3146535	0	0
0.3303509	0	0
0.2931009	0	0
0.3090092	0	0
0.2876068	0	0
0.3010559	0	0
0.3167273	0.3141485	0
0.2788514	0	0
0.3107116	0	0
0.3362346	0.3234559	0
0.3029262	0.3111321	0
0.2934302	0	0
0.2826995	0	0
0.3080128	0	0
0.3823516	0	0
0.3417539	0.1090148	0.05833333
0.3398219	0	0
0.3389139	0.316717	0
0.3334042	0	0
0.3708308	0	0
0.3731818	0	0
0.3723004	0	0
0.2907453	0	0
0.345468	0.3163636	0
0.3118009	0	0
0.3091444	0	0
0.3305233	0	0
0.2813733	0	0
0.3071719	0	0
0.3074289	0	0
0.3193427	0	0
0.3343527	0	0
0.3144477	0	0
0.221718	0	0
0.3329249	0.2982143	0
0.3239831	0.07202633	0
0.3250508	0.3601317	0
0.3098588	0	0
0.366573	0.3617571	0
0.3579527	0.34	0
0.3444156	0.3450537	0
0.3531601	0	0
0.3544712	0.3390367	0
0.3563237	0.3456982	0
0.3767415	0	0
0.336891	0.1646761	0
0.3115467	0	0
0.3409489	0.35384	0.35
0.2985417	0	0
0.3252239	0.3456061	0
0.3229739	0.1657765	0
0.3097143	0	0
0.28539	0.1570833	0
0.3244203	0.3273333	0
0.3365763	0.3498876	0
0.3410166	0.3564928	0
0.3167632	0.2919463	0
0.2974254	0.2980746	0
0.3434615	0	0
0.321875	0	0
0.3796418	0.3677368	0
0.3450338	0.3471697	0
0.3151385	0	0
0.3528267	0.3608253	0
0.325997	0	0
0.3259346	0	0
0.3358895	0.3287265	0
0.3258041	0	0
0.3130726	0.304717	0
0.3452359	0.353119	0
0.289695	0.3177474	0
0.3206734	0.3398696	0
0.3343664	0.3315574	0
0.3270344	0	0
0.2889318	0.3450865	0
0.2822222	0.2919817	0
0.3104715	0.312	0
0.3399654	0	0
0.3420948	0.3342978	0
0.3645882	0.3722727	0
0.3225442	0.3207027	0
0.305363	0.3630982	0
0.3253509	0.3366136	0
0.3277581	0	0
0.2915244	0	0
0.3304087	0.08296116	0.07982609
0.2968484	0	0
0.3264339	0.3660884	0
0.3224874	0.1904801	0.03399177
0.3152577	0.1117529	0.109623
0.3420198	0	0
0.3148521	0	0
0.2605154	0	0
0.3352963	0	0
0.2981347	0.3103027	0
0.3164284	0.3307258	0
0.3583816	0.3810224	0
0.273062	0.2488255	0
0.3388226	0.3552454	0
0.3045411	0.3111056	0
0.3009272	0.3858528	0
0	0.2677515	0
0.3540536	0	0
0.1477429	0	0
0.2945241	0.3333873	0
0.3144434	0	0
0.3055909	0	0
0.3158226	0.3178407	0
0.3433917	0	0
