Well_name	X_coord	Y_coord
1	551613.08	5003664.13
1-3H	551532.058	5003688.343
10	550434.85	5002608.94
10-1	550571	5002566
100-2	555741	5004845
1000	555897.21	5004561.49
1000-1	555978	5004605
1000-2H	556177	5004564
1000-2S	555897	5004561
1000-3	556046.3	5004474
1001	556107.25	5004646.49
1001-1H	556210	5004761
1002	556340.21	5004735.99
1002-2	556385.16	5004622.44
1002-3	556466.86	5004678
1003	556587.21	5004837.99
1003-1H	556697	5004999
1003-2	556610	5004750
1003-3	556725.57	5004763.41
1003-4H	556485	5004902
1004	556812	5004935
1004-3	557045.33	5004910.49
1005	557064.21	5005038.49
1005-3	557222	5004970
1006-1	557483	5005000
1006-3	557702.35	5005152
1007	556425.21	5004507.5
1007-1	556528.9463	5004591.927
1007-2	556445	5004425
1007-3	556567	5004474
1007-4	556289	5004475
1008	556901.83	5004724.38
1008-1H	556927	5004877
1008-3	557077.3	5004679.27
1009	557140.71	5004825.49
1009-1	557242	5004887
1009-1-4S	557243	5004888
1009-2	557191	5004722.7
1009-3	557313	5004775
100K	555718.1	5004983.02
1010	557375.21	5004918.99
1010-2	557441	5004835
1010-3	557531	5004855.01
10102	559120.25	5003359.99
10102-2H	559275	5003353
10103	559355	5003478
10104	559230	5003795
10104-1H	559304	5003935
10104-3	559335.2555	5003752.796
10105	559443.36	5003891.8
10105-1H	559588	5003936
10106	559495	5003689
10106-1H	559565	5003829
10106-2H	559728.3205	5003690.883
10107	559595.12	5003543.6
10107-1H	559739	5003594
10107-4H	559511	5003589
1011	557613.71	5005012.99
1012	556272.21	5004224.99
1012-1	556398.23	5004264.99
1012-3S	556196	5004208
1013	556519.21	5004314.49
1013-1	556584	5004356.53
1013-3	556670.69	5004269.56
1014	556744.71	5004411.96
1014-1	556870	5004462
1014-2	556794.73	5004312.94
1014-3	556870	5004356.56
1015	556991.71	5004514.05
1015-2	557034	5004412
1016	557234.71	5004603.99
1016-1	557349	5004692
1016-2	557283	5004510
1016-3	557391.16	5004538.2
1016-4H	557081	5004621
1017	557698.71	5004795.49
1017-2	557728	5004694
1018	557924	5004899.5
1018-2	557998.38	5004778.83
1021	556361.71	5004072
1021-2	556415	5003888
1021-3	556517.5073	5003959.487
10218	560632.25	5003651.2
1022	556604.21	5004113.35
1022-1	556739	5004181
1022-1-4S	556689	5004181
1022-3	556758	5004074
1022-4S	556528	5004145.5
1023	556838.71	5004208.5
1023-2	556862	5004074
1023-3	557004	5004220
1024	557068.21	5004305.45
1024-1	557191.23	5004339.09
1024-3	557198	5004225.61
1024-3-2S	557248	5004152.31
1025	557311.21	5004372.5
1025-1	557430.88	5004435
1025-2	557369.88	5004278.06
1025-3	557449	5004353
1026	557553.71	5004501.21
1026-1H	557636	5004624
1026-2	557629	5004373.68
1026-3	557715.053	5004417.006
10268	561126	5003165
1027	558030.71	5004688.86
1027-2	558031	5004576
1027-3	558184.62	5004652.37
1028	558265	5004765
1029	558499	5004900
1030	556216.4	5003678.45
1031	556415	5003782.5
1031-3H	556331	5003582
1032	556681	5003888
1032-3	556842.4872	5003820.087
1033	557003	5004072
1034	557162.21	5004072.49
1034-3H	557095	5003998
1035	557401	5004165
1036	557639	5004267
1037	557882	5004389
1038	558115	5004471.29
1039	558350	5004538.5
1041	555835.02	5003288.55
1041-3H	555816	5003218
1042	556037	5003343.91
10421	556984	5005241
10422-3	557370.883	5005307
10427	557849.45	5005127
10427-3	558024.298	5005060.261
1043	556295.64	5003475.21
1043-2H	556528	5003368
1043-4H	556117	5003512
10435-3	559081.8905	5004985.966
1044	556778.71	5003655.5
1044-3H	556677	5003427
1044-4H	556684	5003665
10443	558886	5004539
10444	559126	5004622
1045	557008.71	5003760.99
10450	558979.75	5004297.79
10450-1H	559040	5004443
10450-2H	559137	5004215
10450-3H	558970	5004251
10451-2H	559311	5004300
10457	559064	5004071
10458	559306.78	5004162.53
10459	559518.23	5004280.01
1046	557251.71	5003857.82
1046-1S	557256.5	5003934.6
10469	559702	5003824.71
1047	557409	5003910
1048	557711	5004092
1048-1H	557745	5004189
1048-4H	557485	5004131
10481	559226	5003147
10481-2H	559361	5003048
10482	559431.24	5003236.07
10482-1H	559538	5003348
10482-2H	559483	5003184
10483	559665.55	5003339.57
10483-2H	559751	5003214
10484	559872	5003392
1048K-2S	557667	5003988
1049	557958.71	5004152.2
10490	559293.4	5002916
10491-2H	559650	5002955
10491-3H	559480	5002868
10491H	559530	5003054
10494	560184	5003321
10498	559100	5002629.6
10499	559379.1693	5002726.161
1050	558205.71	5004245.75
1050-1H	558264	5004321
1050-4H	558086	5004277
10500	559613.4843	5002819.506
10500-2H	559646	5002755
10501	559838	5002922
10502	560051	5003005.56
1051	558448.21	5004331.49
1052	558678	5004428
1052-1H	558701.843	5004522.416
1052-2H	558765	5004376
1052-3S	558641	5004357
1052-4H	558592	5004491
1053	555932	5003050
1054	556163	5003139
1054-1H	556215	5003225
1054-4H	556059	5003170
1055	556392	5003244
1056	556623.2	5003342.14
1056-3	556795	5003297
1057	556864.21	5003458.49
1058	557102	5003547
1058-1H	557222	5003753
1058-2H	557208	5003532
1058-4H	556975	5003677
1059	557332	5003639.9
106	555750	5004748.02
106-1	555872.65	5004787.68
106-1H	555811	5004795
106-2	555828	5004665
106-3	555938.03	5004690.22
106-4H	555693	5004898
1061	557813.71	5003794
1062	558039.21	5003930.68
1062-1H	558119	5004012
1062-4H	557967	5003927
1063	558286	5004076
1064	558520.71	5004131.42
1064-4S	558446	5004151
1065	558762	5004216
1066	556033	5002827.87
1066-1H	556062	5002938
1066-4	555783	5002686.5
1066A	555780	5002881.75
1066A-1	555811.96	5003004.77
1066A-3	555917.69	5002820
1067	556259.82	5002917.34
1068	556541	5003016
1068-1H	556580	5003157
1068-4S	556464	5003039
1069	556729	5003120.01
107	555986	5004833.55
107-2	556047.18	5004748.38
107-3	556138	5004806
1070	556951	5003245
1070-1H	557009	5003374
1070-3H	556884	5003022
1071	557187	5003314
1072	557426.21	5003419.99
1073	557676	5003530.36
1074	557903.21	5003620.49
1074-1H	557932	5003712
1074-2H	557992	5003571
1075	558137.21	5003717.67
1076	558375.71	5003815.76
1076-1H	558432	5003901
1076-4H	558260	5003823
1077	558614	5003913.43
1077-3	558783.9307	5003849.657
1078	558881	5003936
1078-2H	559018	5003880
1078-4H	558808	5004002
1079	556139	5002635
108	556234.5	5004963.36
1080	556343	5002676
1080-1H	556481	5002900
1080-4S	556279	5002705
1081	556566	5002793
1081-2H	556562	5002505
1082	556810	5002883
1082-3H	556792	5002775
1082-4S	556738	5002918
1083	557048	5002979
1084	557273	5003125.99
1084-4S	557208	5003145
1087	558222.21	5003505.13
1087-1S	558264	5003566
1087-3	558382.981	5003448.36
1088	558465.21	5003603.5
1088-3	558623.5508	5003549.738
1089	558708.21	5003688.49
1089-4H	558637	5003750
108K	556189.5	5004955
109	556482	5005059.45
1090	558970	5003706
1090-3	559115.5455	5003660.403
1091	556684.62	5002562.01
1091a	556393	5002540.87
1092	556914.93	5002651.21
1094	558295	5003285
1095	558536	5003358
1096	558785.21	5003507
1097	559047	5003507
1097-4H	558946	5003605
11	549087.55	5004603.37
11052	549010.728	5005373.506
11056	550260.728	5005373.506
11088	549504	5005124
111	555518.2705	5004916.751
12	550664.97	5003222.68
12-1	550823	5003240
12-3	550833	5003108.31
13	550441.86	5002983.71
13-3	550553	5002861.82
14	549288.88	5003673.16
14019	542755	5001933
14024	542297	5001388
14026	542257	5001190
14026-1H	542378	5001186
14033-1H	542377	5000935
G141	553462.96	5002222.65
15	553757.42	5004602.35
16	554879.67	5002336.83
17	549278.96	5001817.97
G172	559920.63	5003198.55
18	555400	5003815.9
18-1	555513.15	5003768.28
18-2C	555640	5003640
18-3	555515.26	5003645.28
18-3C	555829	5003641.03
18-4C	555707.17	5003552.63
18C	555659	5003766
19	554907.83	5004825.77
2	549973.29	5004249.14
2-1	550135	5004235
20	557723.4	5004514.52
20-1	557792	5004587
20-3	557953.4955	5004511.938
21	559230.75	5003624.31
G210	553530.32	5003062.51
22	544236.63	5002445.68
22-1H	544282.68	5002571
23	544615.89	5003946.62
24	543703.12	5000553.32
24-1H	543652	5000575
249	549266.1	5004722.5
25	556524.97	5003574.1
26	553760.85	5003471.07
26-1	553870	5003467.5
26-2	553761	5003374.5
26-3	553870	5003343.5
262	548538.1025	5004218
27	552477.11	5003184.09
28	553759.34	5003701.24
28-1	553871.09	5003676.5
28-2	553722	5003575
28-3	553870	5003591.7
29	553760.67	5003239.43
29-3	553870	5003160
3-1	553372.21	5002833.75
3-6	553977	5002928
30	551759	5002732
30-1	551865	5002746
30-1H	551898.1355	5002892.053
30-2H	551979	5002583
30-2S	551759	5002652
30-3	551867.22	5002615.38
30-3S	551744	5002725
3012	547481.0755	5003910
3014	547991.933	5003907
302	544459	5004722
302-3H	544613.098	5004641.478
304	544984.57	5004729.59
305	544973.1	5004984.4
306	544710.9	5005243.5
31	551553.71	5002216.48
31-1	551647.4	5002216.48
31-1-2S	551647	5002216
31-3S	551518	5002217
31-4H	551523	5002364
311-3	544345	5004880
313	544456.6	5004470
32	552559	5002168.23
32-2	552507.41	5002074.31
33	556611.04	5004654.12
33-1	556767.21	5004709.5
33-2	556698.61	5004547.96
33-3	556831.133	5004571.311
34	556118.28	5002421.77
34-3	556120	5002295
35	554449.09	5001735.03
36	553806.89	5002704.67
36-1	553884.86	5002718.7
36-2	553778.17	5002622.56
36-3	553934.53	5002599.29
37	553942	5001973.14
38	557442.04	5003222.95
39-2	557497	5004553
396	543940	5002438
397-1H	544806	5002601
397-3H	544350	5002379
39J	557442.96	5004738.91
3Y-2H	553920	5002983
4-1	551573.5	5004441
4-2	551471.97	5004303.36
4-3	551585	5004313
40	556104.97	5004376.95
40-3	556331.8	5004369.23
400	542497	5001597
400-3	542635	5001499
401	542771.6	5001681.4
403	542997.02	5001356.62
404	542752	5001375
404-1H	542764	5001220
404-3	542898.9	5001282.6
405	542497	5001179.458
405-3	542640.8	5001062.6
4051-1H	542372	5000660
4053	541973	5000435.9
4059	541737.5005	4999928.826
4063	541741.3105	4999693.558
4064	541973	4999689.431
407	543001.8	5001179.5
409	542707.78	5001178.82
409-3	542891.9	5001059.1
410	542496.64	5001370.91
410-3	542651.3	5001279.2
418-3	542644.2805	5000801.316
418A	542512	5000927
419	542768.1	5000931.8
419-3	542891.9	5000818.5
42	555637	5003341.85
420	543001.7855	5000931.808
422	548263.598	5003686.067
43	554691.99	5003471.84
43-2	554721	5003343
43-3	554854.62	5003342.75
430	547248.983	5003177.803
44	551134	5003703.79
440	542496.6	5000686.381
441	542774.5	5000686.4
441-3H	542587	5000588
441-4S	542775	5000688
442	543000	5000688
443	543268.5	5000686.4
449	542497	5000447.938
45	553497.5	5003228.87
45-1	553619	5003223.14
45-3	553618.98	5003091.41
455-1H	542328	5000288
46	553987.3	5003229.8
46-2S	553987	5003222
46-3	554141	5003142.5
47	555757.3	5003893.85
47-1	555879.73	5003907.53
47-2	555754.73	5003771
47-3	555832.34	5003771.35
48	554492	5002736.81
48-2	554497.93	5002619.36
48-3	554593.32	5002622.97
49	555991.2	5003955.54
49-1	556081.27	5003928.36
49-3	556159	5003817
49-4S	555982	5004017
4C	551431.4	5004379.99
4Z-3H	551140	5004380
5	550997.43	5001373.18
50	555991	5003736.9
50-2	556089.13	5003707.26
50-4	556184	5003914
51	555517.7	5003546.29
51-2	555500	5003325
51-3	555645	5003479.28
516	545018	5000126.067
5170	548517.598	5003439.687
52	554992	5003655.99
52-1	555127.29	5003631.77
52-2	555030.96	5003547
52-3	555144.5	5003537
523	546808.17	5000130.33
53	555038	5003258.83
53-1	555143.37	5003219
53-2	555036.66	5003123.5
53-3	555126.4	5003104.83
539	546567.7	4999857.49
54	555527	5004057.71
54-1	555656.6	5004071
54-1C	555392.69	5004013.27
54-2	555515.26	5003893.39
54-3	555674	5003898.57
54-3C	555384.48	5003897.63
541	547063.96	4999857.49
55	555240.7	5003440.82
55-2	555233	5003344
55-3	555378	5003329.3
550	545047	4999553
555	546296.6	4999580.39
56	555245.6	5002974.01
56-1	555380	5002968
56-2	555233	5002841
56-3	555378	5002840
57	555119.6	5003872.58
57-1	555345	5003917
57-2	555135	5003776.76
57-3	555235	5003770.39
57-4	555010	5003774.64
58	554730.3	5003829.65
58-1S	554810	5003833
59A	554268	5003418.6
6	550233.03	5002609.83
6-1	550354.38	5002593.27
60	553493.7	5003723
60-1	553611.5	5003715.73
60-2	553491	5003567
60-3	553596.6	5003599.56
60-4	553356.33	5003613.1
600	550388	5003882
600-2H	550471	5003965
601	550725	5003975.84
602	550957	5003959.79
602-2	550940	5003755
602-2H	551067	5003948
602-3H	550813	5003959
603	551231	5003939.83
603-2	551226.09	5003820.59
603-2H	551292	5004001
604	551491	5003935.86
604-3	551630	5003817.98
604-3H	551534	5003911
605	551740	5003935.9
605-3H	551759	5003821
608	555769.1	5004187.56
608-2	555806.37	5004031.23
608-3	555911	5004134
608-4	555648	5004185
609	549990	5003710.01
609-3	550096	5003612
61	553750	5003919
610	550204	5003720.88
610-2H	550321	5003697
6100	553749.21	5002225.11
6100-1	553873.86	5002222.42
6100-2H	553744	5002074
6101	553987.71	5002225.59
6101-1	554115	5002217
6101-1-2S	554116	5002218
6102	554249.71	5002225.55
6102-1	554372.16	5002216.16
6102-2	554244.36	5002130.15
6102-3	554377.7	5002088.17
6102-3H	554181	5002042
6103	554500.21	5002229.56
6103-1	554616	5002216
6103-2	554498.51	5002089.74
6103-3	554628	5002083.94
6104	554768.66	5002211.21
6104-2H	554816	5002101
6104C	555006.2	5002207.5
6105-2H	555336	5002128
6105-3H	555129	5002110
6105-4S	555196	5002275
6106	555489.2	5002221.66
6107	555740	5002221.69
6107-2H	555790	5002110
6107-3H	555665	5002118
6108	556025.2	5002204.2
6109	556271.7	5002184.21
6109-3H	556080	5002109
611	550496	5003613
611-3	550577.27	5003577.94
6110	556546	5002149.21
6111	556796.2	5002146.76
6112	557025.71	5002149.28
6113	557263	5002133
6113-4S	557206	5002189
6119	553241	5001950
6119-2H	553257	5001886
612	550740	5003614
612-3	550846	5003614
6120	553499.21	5001950
6121	553742	5001965
6121-2H	553750	5001844
6122	554245.71	5001950
6122-1	554359	5001967
6122-2H	554246	5001840
6123	554500.21	5001950
6123-1	554634	5001960
6124	554777.71	5001950
6124-2H	554735	5001863
6125	554987.75	5001950
6126	555246.71	5001950
6127	555485.21	5001950
6127-2S	555559.7	5001912
6128	555740	5001944
6129	556025.2	5001953.3
6130	556271	5001914
6131	556512.71	5001897.86
6131-1H	556580	5001968
6131-3H	556676	5001763
6131-4H	556403	5002014
6132	556762	5001889.33
6133	557025.71	5001889.49
6134	557302.77	5001883.52
6135	553741.71	5001728.99
6135-3H	553649	5001592
6136	553991.714	5001724.985
6136-3H	554081	5001590
6137	554226	5001729
6137-2H	554210	5001609
6138	554741.6	5001724.2
6139	554988	5001723
614	551813	5003736.83
614-1H	551956	5003795
614-2H	551928	5003527
614-3H	551753	5003641
6140	555245.73	5001733.88
6142	555739.51	5001731.81
6144	556236	5001684.73
6145	552026	5003390
6145-1H	552065	5003509
6146	552975	5003457
6146-1H	553031	5003597
6146-2H	553049	5003322
6146-3	553061	5003362
6146-3H	552846	5003408
6146-4H	552800	5003625
6147	552038.57	5003210.03
6148	552969.48	5003217.02
6149	552038.57	5002982.07
6149-1H	552111	5003029
615	553975.4	5003651
615-1	554136.5	5003661
615-2	553975	5003572
615-3	554126.77	5003552.57
6151	552035.39	5002732.51
6152	552969.48	5002721.72
6152-2H	553113	5002593
6152-3H	552822	5002604
6153	552156.68	5002454.38
6153-1	552268.14	5002469.26
6153-2	552156	5002342.26
6153-3	552268	5002346.07
6154	552402.42	5002457.56
6154-1	552525.5	5002451
6154-2	552402.5	5002332.5
6154-3	552525.5	5002332.5
6154-4H	552320	5002560
6155	552631.02	5002450.57
6155-1	552825	5002447
6155-2	552672.52	5002339.29
6155-3	552824.6	5002341.51
6156	552980	5002474.96
6156-1	553110.9	5002457.27
6156-2	552980	5002341.5
6156-3	553105	5002342
6157	552176	5002192.07
6157-1	552292	5002184
6157-2	552176	5002078
6157-3	552289	5002078
6157-3-2S	552319.9	5002001.7
6158	552375.12	5002180.06
6158-2	552395	5002078
6158-2-1S	552440.9	5002153.4
6159	552980	5002223.06
6159-1	553105	5002215
6159-2	552980	5002097.5
6159-3	553105	5002117.4
616	554242	5003661
616-1	554342	5003661
616-2	554250.52	5003540.35
616-3	554368.73	5003543.4
6160	552176	5001940
6161	552450	5001946.16
6161-3H	552386	5001820
6162	552710	5001966.03
6162-2H	552590	5001919
6163	552980	5001960
6164	551889.34	5002454.38
6164-1	552019	5002481
6164-2	551819	5002329
6164-3	552014.34	5002329.38
6165	551932	5002176.25
6165-1	552070	5002184
6165-2H	552045	5001926
6165-3	552053	5002078
6166	551932	5001926
6168	552448.78	5001676.51
617	554482	5003683.85
6170	552973.29	5001712.7
6172	552724.37	5002210.54
6172-1	552865.52	5002220.47
6172-2	552701.02	5002090.54
6172-3	552845.38	5002109.41
618	554715.3	5003636.99
618-1	554879.39	5003663.1
618-3	554831.09	5003542.27
619	555239	5003633.1
619-1	555365.59	5003633
619-2	555240.59	5003536
619-3	555365	5003561
62	553995	5003861
62-1	554136.5	5003833
620	549990	5003483.98
6201	550553.17	5003909.02
6202	550132	5003898.3
6202-2H	550257	5003900
6203	549996.01	5003925.64
6206	552452.83	5003933.9
6206-2S	552525	5003900
6208	552932.89	5003933.9
6208-1	553066	5003936
6208-3	553076.378	5003839.156
621	550205	5003476
621-3	550391.64	5003335.16
6210	553469	5003950.87
6210-3	553611.5	5003766
6210-3S	553444	5003867
6211	549491.8208	5003725.616
6212	549739.4708	5003725.616
6217	552933	5003725.62
6218	553200	5003725.62
6218-1	553356	5003718.5
6218-2	553229	5003615
6218-4H	553067	5003807
622	550495.71	5003480.29
622-3	550622	5003303
6221	549504	5003478
6223	552253	5003495
6223-3H	552221	5003349
6223-4H	552227	5003642
623	550740	5003476.71
623-1	550891	5003473
623-3	550846.5755	5003361.001
6233	549739.47	5002973.78
6236	548995.25	5002725.49
624	550989.71	5003476.73
624-3	551107	5003340
6240	552421.08	5002661.36
6241	552588.72	5002661.36
6241-1	552714	5002661
6241-3H	552573	5002605
6248-1H	550350	5002485
6249	551632	5002382
6249-1	551773	5002359
6249-3	551768.85	5002258.07
6249-4H	551677	5002487
625-1H	551289	5003584
625-3	551349	5003360
6257	551000	5002229
6257-1H	551113	5002177
6257-4H	550862	5002209
6258-3	551419	5002127
625A	551197	5003427
626	551491	5003421
626-3	551365.26	5003361.37
6264	549734	5001947
6269	550982	5001932
627	551731	5003471
6270	551492.71	5001932
6271	551660.35	5001914
6276	553499	5001725
628	553228	5003468.49
628-1	553361.3	5003471.61
628-1-3S	553300	5003427
628-3	553365	5003374
6282	549734	5001748.861
629	553491.21	5003476.19
629-1	553622	5003467.25
629-2	553491	5003374.5
629-3	553622	5003374
63	554308.71	5003875.99
63-3	554429	5003844
63-4S	554309	5003876
630	553999.71	5003448.99
630-2	553997	5003341
630-3	554105.5	5003324
631	554488.21	5003417.85
631-1	554600.13	5003434.22
631-2	554488	5003280
6313	551218	5003011
632	555001	5003430.84
632-1	555134	5003443
632-2	555033	5003328
632-3	555137.4	5003344
6321	549996	5001723.161
633	549990.21	5003239.38
633-3	550128.19	5003103.77
6339	552730.1645	5003449.726
634	550243	5003231
634-3	550406	5003103
6347	556279	5003914
6347-3	556204.7	5004084.25
6349-1	554329.06	5003430.29
6349-2	554246	5003327
6349-3	554363.25	5003356.44
635	550989.71	5003231.25
635-3	551108.26	5003109.24
6350-1	555843.49	5003506.94
636	551277	5003181
636-1	551366	5003219
636-3	551357.27	5003098.69
6367	553511.522	5001486.427
6368H	553757	5001503
6369	554009.997	5001486.427
637	551491	5003230.84
637-3	551607.43	5003097.47
6371	554512.282	5001484
638	551757	5003227.91
638-1	551860	5003220
638-2	551757	5003095
638-3	551917.8	5003101.77
639	553228	5003222
639-1	553370.02	5003227.5
639-3	553351.62	5003117.73
64	554514	5003836
640	554246	5003203
640-3	554416.48	5003104.93
641	554438	5003165.8
641-1	554616.16	5003192.62
641-2	554494.14	5003077.41
6416	552241.4	5002694
6416-1	552341	5002694
6416-4H	552208	5002802
642	554738.21	5003206.77
642-1	554855	5003219
642-3	554915.88	5003063.58
643	555232.6	5003218.49
643-1	555374.3	5003227.5
643-2	555232.93	5003099.83
643-3	555367.28	5003073.91
644	555483	5003231.86
644-2	555428.63	5003069.82
644-3	555639.28	5003104.61
645-3	549851	5002853
646	549990.21	5002963
646-1H	550118	5002992
646-3	550166	5002839
646-3H	549839	5002902
646-4H	549943	5003055
647	550232	5002963
647-2H	550281	5002744
647-3	550349.55	5002853.33
648	550985.71	5002959.49
648-1	551027	5002919
648-2	550986	5002874
648-3	551120.05	5002856
648C-1H	551415	5002989
649	551791	5002975.93
649-2C	551394.84	5002778.59
649-3C	551636.84	5002884.17
650	554450.2	5002976.25
650-1	554620.68	5003051.04
650-2	554500	5002863
650-3	554634	5002863
651	554726	5002963
652	555012	5002972.23
652-1	555117	5002975
652-2	555005	5002856
652-3	555118	5002844
653	555483	5002975.85
653-2	555483	5002840
655	549990	5002733
655-3	550116	5002594
656	550725.71	5002733.69
656-1	550818	5002726
656-2	550748	5002601
656-3	550838	5002601
657	550985.71	5002721.99
657-1	551113.0107	5002726.189
657-2	550986.655	5002591.054
657-3	551111	5002621
658	551242.21	5002729.7
658-3	551373	5002624
659	551488	5002733.79
659-2	551439.0305	5002624.401
660	553241	5002725
660-1	553372	5002744
660-3	553370.16	5002624.47
661	553557	5002768
661-1	553683	5002732
661-2	553539.94	5002674
661-3	553680.19	5002569.38
662	553986.7	5002732.8
662-1	554137.5	5002735
662-2	553997.44	5002595
662-3	554120.25	5002640.49
663	554243	5002724
663-1	554316.18	5002782.55
663-2	554281.39	5002593.44
664	554752	5002727
664-1H	554818	5002805
665	555012	5002721.99
666	555242.71	5002733.88
666-1	555346.5	5002709
666-3	555362.5	5002509.97
667	555465.71	5002694.9
667-2	555501.47	5002597.92
668-3	549859	5002353
6696	549743.898	5003943
670	550239.21	5002370.2
670-3	550383.6	5002257.53
671	550484.21	5002400.49
671-1H	550795	5002436
671-3	550644.64	5002312
672	550736.71	5002465.49
672-1	550783	5002465
672-3	550858	5002356
673	550985.71	5002473.19
673-1	551158	5002477
673-1H	551095	5002521
673-3	551106	5002371
674	551241.4	5002469.3
674-3	551350	5002351
677	553241	5002478.96
677-2	553243	5002375
677-3	553376	5002375
678	553499.21	5002463.99
678-1	553607	5002464.63
678-3	553586.54	5002376.9
679	553747.8	5002468.3
679-1	553792	5002514
679-3	553794	5002342
680	553986.7	5002475.93
680-1	554123.8	5002460.28
680-2	553998.8	5002335.28
680-3	554111.81	5002337.4
681	554242.5	5002466.2
681-2	554250	5002348.5
681-3	554365.04	5002350.07
682	554492.1	5002474
682-1	554589	5002486
682-2	554500	5002342.58
682-3	554618.27	5002345.84
683	554676.1	5002512.61
683-1	554850	5002489
683-2	554768.66	5002342.58
684	555004	5002499.03
684-1	555126	5002491
684-1H	555180	5002643
684-2	555009	5002339
684-4H	554813	5002650
685	555243	5002468
685-1	555374.3	5002469
685-3	555386.4079	5002337.397
686	555493	5002476.02
686-1	555614.76	5002467.21
686-3	555608	5002343
687	555740	5002464
687-1	555882	5002470
687-3	555865	5002321
688	556286.72	5002411.2
688-3	556412	5002343
689	556551	5002348.985
689-2H	556709	5002197
690	556796.2	5002365.1
690-4S	556720	5002383
691	557026	5002363.2
692	557263.35	5002352.28
694-3	550111	5002090
696	550530	5002174
696-1H	550470	5002240
696-3	550655.2	5002077.61
698	553241.21	5002217.49
698-1	553346.5	5002217
698-2	553234.33	5002137.05
698-3	553346.5	5002121
699-1	553606.81	5002208.62
7	550553.93	5003103.64
701	551690	5004958.3
701-1	551813.5	5004950
701-2	551720.72	5004860.45
701-3	551801.51	5004851.66
702	551919	5004950
702-2	551892.36	5004862.38
703	552190	5004950
706	551690	5004708.2
706-1	551815	5004700
706-2	551739.04	5004635.42
706-3	551770.73	5004578.58
707	551919	5004729.19
707-2	551898.59	5004636.02
707-3	552063.6704	5004559.68
708	552190	5004700
708-3	552315.1304	5004555
709	552440	5004700
710	552690	5004700
711	551701	5004469.19
711-1	551826	5004472.5
711-2	551749.31	5004377.76
711-3	551812.08	5004323.78
711A	552939.7	5004699.4
712	551919	5004471
712-2	551891.17	5004385.35
712-3	552069	5004311
713	552190	5004458.09
713-3	552299.5	5004272
714	552440	5004450
714-3	552546	5004379
716	551440	5004934
716-1	551565	5004938
716-2	551460.57	5004791.7
716-3	551572.21	5004838.87
717	551440	5004676
717-1	551554	5004676
717-2	551446.02	5004563.64
717-3	551577.8	5004557.5
719	551190	5004934
719-1	551310	5004934
719-2	551224.13	5004802.45
719-3	551303.6	5004798.88
720	551190	5004676
720-1	551301.82	5004682.94
720-2	551185.38	5004562.85
720-3	551307.65	5004568.45
721-3	551320	5004318
722	550940	5004934
723	550940	5004676
724	550945.73	5004409.8
726	550690	5004676
727	550693.06	5004417.81
728	549700	5004193
728-1	549895.64	5004260.96
729	550440	5004676
730	550450	5004420
731	550202.27	5004152.99
732	550190	5004676
733	550200	5004420
734	551465	5004203
734-1	551590	5004203
735	549940	5004676
735-3	550023.1	5004501.08
736	549910.5	5004483
736-1	550002.85	5004443.85
736-3	550011.62	5004227.99
737	551701.21	5004211.49
737-1	551813.5	5004204.5
738	549700	5004451.35
738-1	549824.8	5004407.17
738-2	549715	5004318
738-3	549916.21	5004324.94
738A-3	549797	5004582
739	551919	5004221
740	552194.05	5004222.38
742	551432.17	5005140.59
742-3	551440	5005020
743	551682.17	5005143
744	551932.17	5005144
745-1	550317	5004189
746	550444.8	5004192.04
747	550694.99	5004188.87
748	550945.81	5004192.04
748-1	551051	5004176
749	551174	5004148
752-3	549553	5004311
753	549422.985	5004206.7
754	552445.0495	5004192.041
756	552696.8	5004447.1
758	553195.2	5004454.7
759	553442	5004451
761	552692.3	5004196.2
761-2S	552771.6	5004189.8
762	552947.6	5004196.2
763	553198.408	5004196.236
764	553445.4	5004196.2
765	553696.248	5004200.046
8	550441.99	5003222.7
801	552946	5004379
9	550664.93	5002983.74
9-2	550704	5002865
9-3	550833	5002865
900	554784.61	5004073.57
901	555563.36	5004455
901-1	555433.18	5004451.61
901-2	555705	5004415.5
902	555038.85	5004135
903	555277	5004135
904	554267	5004588
907	555028	5004587.99
907-3	555162	5004445.3
907-3-2S	555238.7	5004409.7
908	555296	5004587.89
908-1	555431.59	5004581.47
908-2	555295	5004451.6
911	555028	5004317.91
911-1	555164	5004320
911-3	555162	5004221.4
912	555296	5004317.85
912-1	555437	5004317
913	555542.5	5004279
913-1	555671.85	5004218.01
914	555813.23	5004415.5
915	555558.59	5004688.79
920	555020.6095	5005056
921	555267.6245	5005073.421
929	555049.8195	5004829.581
929-3	555157.273	5004695.771
930	555267.6	5004820.1
930-1	555403	5004826.3
930-2	555337.94	5004716.82
930-3	555434	5004690.37
935	555561.77	5004583.38
935-1	555701	5004583.4
3013	547724.28	5003907
5190	543522	5000079
723-3	551135	5004563
724-3	551097	5004339
919	554773	5005081.5
515	544745	5000130
14019-3	542897	5001737
4051H	542248	5000616
4068	543743.783	5000928.316
449-1H	542684	5000541
920-3	555145.6095	5004950.5
14-3	549441	5003501
6222	549739.4708	5003480
6238-3	549569	5002613
6246-3	549593	5002368
6252-3	549593	5002123.5
10501-2H	559936.3	5002917.2
G187	560854	5003766.56
14033	542263.6	5000935.62
3037	544759	5005442
10494-3H	560115	5003215
14026-4H	542156	5001200
533	545018	4999861.755
677-1	553251	5002468.5
3007-3	547547	5004083
