Z_1	Z_2	Z_3
438.35	495.5	541.8
392.4	0	0
426.6	465.15	0
420.85	458.15	0
438	471.8	0
434.8	0	0
433.05	466.6	0
556.6	0	0
507.9	0	0
431.3	474.6	0
436.95	0	0
556	0	0
445.85	0	0
446.7	0	0
450.6	0	0
452	0	0
559.7	0	0
449.5	0	0
455	489	0
564.5	0	0
446	0	0
473.65	510.4	0
454.35	0	0
478.75	0	0
345.55	483.85	0
463.2	485.7	0
438.15	482	0
468.6	0	0
430.85	480.45	0
465.85	0	0
435.1	476.75	0
444.75	477.5	0
560.3	0	0
442.15	481.55	0
440.75	476	0
466.95	0	0
565	0	0
462.2	0	0
474	0	0
459.4	0	0
452.7	484.5	0
469	0	0
449.1	481.45	0
0	456.3	0
0	579.75	0
0	460	0
0	467	0
0	604.25	0
0	491.2	0
0	468.95	0
0	585.8	0
0	462	0
0	570.415	0
0	589	0
0	466.55	0
0	591.7	0
0	0	0
448.7	478	0
427.5	463	0
423.05	452.7	0
517.15	0	0
427.65	467.5	0
428.55	463.7	0
443.4	481.55	0
434.35	473	0
433.3	470.8	0
430.85	466.95	0
428.9	461.2	0
433.45	471.5	0
427.8	457.95	0
428.45	466	0
438.05	470.65	0
0	460.1	0
427.55	457.85	0
0	0	0
0	470	0
436.9	469.6	0
448	481	0
460.45	487.75	0
426.75	468	0
446.25	0	0
0	0	0
467.55	511.5	0
428.75	470.5	0
428.45	462.25	0
520.25	0	0
429.25	465.25	0
0	0	0
424	468.45	0
423.65	459.75	0
423.1	462.5	0
418.9	455.4	0
0	449.9	0
0	446.45	0
0	508.05	0
0	444.5	0
0	447.15	0
0	433.45	0
0	445.95	0
0	452.55	484.2
0	659.45	0
0	447.65	0
0	460.35	0
0	476.9	0
440.9	473	0
0	466.4	0
440.35	469.9	0
0	479.5	0
0	476.5	0
424.5	463.5	0
421.3	465.5	0
559.2	0	0
419.85	457	0
423.7123	478.2767	627.2999
0	448.5	0
0	440.8	0
0	530.45	0
0	430.3	0
0	444.5	0
0	445	0
0	464.05	0
0	465.6	0
414.5	446	0
0	0	0
420	452.5	0
475.5	0	0
454.0792	486.2914	627.3
474.8	0	0
0	0	0
422.8	461.5	0
0	542.3	0
452.65	567.7	0
0	537.25	0
416	453	0
448.85	558.9	0
0	541.5	0
0	479.75	0
471.65	0	0
0	446.5	0
470.05	0	0
0	625.7	0
0	613.75	0
0	0	0
0	0	0
0	471.45	0
0	472.6	0
0	473	0
0	434.5	0
0	0	0
441.45	474.2	0
0	430.1	0
0	436.55	0
0	554	0
444.5	548.2	0
478.3343	516.8638	627.3
0	568.25	0
0	472.15	0
0	607.3	0
0	557.7	0
0	470	0
0	570.4	0
0	469.3	0
436.95	541.15	0
0	448.5	0
0	0	0
0	573.7	0
0	575.25	0
0	630.15	0
0	503.4	0
0	453.65	0
0	466.25	0
0	455.1	486.5
0	560	0
0	571.8	0
0	459.6	0
0	595.25	0
0	480.4	0
496.4	0	0
0	466	0
0	473.5	0
0	565.8	0
0	571.1	0
0	602.05	0
0	572.1	0
415	443	478.55
416.95	445.5	482
451.7	558.1	0
447.65	558.6	0
418.6	448	483.85
413.95	444.5	480.65
422.9848	465.9106	627.2999
418.35	450	0
0	438	0
442.25	541.65	0
0	546	0
0	537.9	0
0	433.5	0
438.4	0	0
445.55	483.15	0
539.85	0	0
432.2	0	0
438.4	478.2	0
546.15	0	0
0	437.85	0
0	447.5	0
567.55	0	0
0	587.2	0
0	459	0
0	470	0
0	0	0
0	472.5	0
0	434	0
0	556.7	0
0	419.9	0
0	431.35	0
0	452.7	0
0	445.55	0
0	434	0
416.5	450.05	0
448.1	548.1	0
522.3	0	0
421.75	469.5	0
441	0	0
471.5	0	0
456.4	0	0
0	438.5	0
0	553.8	0
0	549.65	0
0	448.65	0
420.45	448.45	0
0	425.95	0
0	438.4	0
0	549.3	0
449.55	555.9	0
0	447.7	0
0	453	0
0	573	0
0	555.8	0
0	461.5	0
0	0	0
0	465.5	0
0	588.2	0
0	575.85	0
0	430.2	0
456.85	0	0
0	431.5	0
463.4	551	0
0	540.3	0
419.25	446.55	0
0	534.15	0
0	444.25	0
0	554.1	0
0	526.75	0
0	429.15	0
0	440	0
0	523.15	0
0	442.5	0
0	542.2	0
453.4596	456.8298	627.3
0	454.2	0
0	0	0
0	459	0
0	566.7	0
453.7	0	0
458.35	0	0
0	458.5	0
0	490.7	0
0	446.8	0
0	0	0
0	439.6	0
0	441.6	0
0	440.5	0
0	449.05	0
0	452.75	0
0	0	0
511.4	580	649
563.15	0	0
0	0	0
535.95	0	0
572.05	0	0
436.25	488	521.25
435.55	485.1	0
423.8	455.31	0
430	479	0
441.85	0	0
465.1	542.65	608.45
524.65	0	0
522.25	0	0
522.8	0	0
618.75	0	0
616.2	0	0
434.95	481	523.5
459.05	541.5	627.3
430.9	460.8	0
460.4	521.8	0
0	476	0
430.85	479	0
427.7	455.05	0
421.05	460.35	0
423.65	460.85	0
420.5	463.1	0
427.5	465.35	0
428.65	455.65	0
460.3	519.5	0
470.7	541	603.9
471.7	0	0
0	454.2	0
0	488.85	0
0	0	0
0	460.8	0
428.55	481	0
532.8	585	641.3
0	0	0
536.75	594.5	658.8
511.3	563	619.8
606.3	0	0
516.85	0	0
421.1	458	505.4
424.5	471	502.85
426.4	467.3	0
428.1	461.25	0
425.9	466.5	0
512.6249	534.8143	645.3919
451.05	501	0
432.8	485.5	0
429.7	0	0
426.765	472.1459	627.2729
429.95	473.45	0
420.6	462.85	0
429.1	464.25	0
452.4	0	0
435.2727	479.5147	627.2773
440.9	488	523.25
443.5	482	0
549.4	0	0
535.55	0	0
527.15	0	0
444.1	490.3	0
527.15	0	0
522.05	0	0
517.5233	529.8222	654.4804
527.3	0	0
651.7	0	0
528.4	0	0
529.85	0	0
531.75	0	0
438.75	485.5	528
438.2	473.6	0
523.65	0	0
0	0	0
540.8	0	0
0	0	0
530.85	0	0
436.3	480	0
475.4	516.55	0
446.5	499	557.5
455.35	507.85	0
440.8	478.5	0
457.45	489.5	0
0	437.5	0
451.15	483.15	0
442.5	471.5	0
421.95	452	0
447.9	502.1	0
434.7	478.6	0
446.4	0	0
440.65	470.15	0
0	441.25	0
464.55	0	0
526.5	0	0
0	0	0
0	0	0
456	0	0
442.35	491.5	0
459	0	0
467.85	519	0
458.4	505.7	0
433.3	478	0
446.15	0	0
521.5	0	0
524.65	0	0
0	522.25	0
522.25	0	0
520.25	0	0
627.3	0	0
522.15	0	0
521.05	0	0
521.4	0	0
638	0	0
574.4011	594.2715	658.8008
522.75	0	0
517.4503	594.2656	658.8012
520.6	0	0
521.15	0	0
519.95	0	0
520.55	0	0
521.4	0	0
519.8	0	0
523.55	0	0
522	0	0
522.75	0	0
523.25	0	0
416.5	450	0
519.95	0	0
500.8	0	0
422.2	457.2	0
419.1696	457.909	627.3018
419.8	464.9	0
563.8	0	0
435.75	484.5	0
525	0	0
525.3	0	0
633.05	0	0
575.2	0	0
523.8	0	0
524.75	0	0
607.2377	595.1746	658.7983
432.85	478.5	0
423.4	468.1	0
445.7	0	0
656.55	0	0
427.7	473.5	0
0	0	0
424.2	0	0
426.5	473	0
438.75	0	0
423.1	464.05	0
421.8	459.9	0
416	444.5	0
439.4	485.25	0
431	475.1	0
426.15	474.5	0
467.25	0	0
423.8	466.15	0
535.5	0	0
494.85	543.45	0
467.5	536.5	604.5
455	507	0
424.1	464.5	0
429.0206	487.1589	627.2995
424.3	467.1	0
423	461	0
416.45	457.2	0
428.4	467	0
511.3	0	0
477.7	529.1	0
429.5	474	0
449.5	490.95	0
462.75	508.1	0
446.05	0	0
502	0	0
419.5	453	487.5
414.7	450.55	0
446.9	488.1	519.9
418.8	453.1	0
478	0	0
435.5	488.5	0
432.8	470.8	0
467.15	522.65	0
434.25	0	0
430.2	467.5	0
426.2	467.2	0
478.25	0	0
419.7	457.5	0
417.4	453.05	0
417.95	457.8	0
501.8	0	0
506.85	0	0
408.35	431.35	0
414.3	448.3	0
0	434.8	0
429.95	0	0
441.7	491	0
455.7	501.6	0
447.5	0	0
445.65	0	0
448.6	0	0
445.15	506.5	543.5
527.75	0	0
433.9	475.25	0
426.15	467.5	0
433.95	477.45	0
434.4	482.15	0
432.9	474.25	0
426.75	473.35	0
429.75	0	0
429.25	469.2	0
435.75	0	0
548.1	0	0
437.85	0	0
437	0	0
447.75	0	0
554.85	0	0
562.5	0	0
436.25	0	0
460.4	508.05	0
548.55	0	0
439.7	0	0
434.3	0	0
547.05	0	0
437.7	0	0
545.95	0	0
430.75	481	0
432.5	467.8	0
427.7	470.3	0
440.65	0	0
444.3	0	0
456.85	0	0
444.3	0	0
437.75	0	0
568.15	0	0
438.65	475.5	0
452.05	495.05	0
547.15	0	0
435.5	477.5	0
430.45	461.8	0
529	0	0
431	468	0
430.55	0	0
463.65	501.85	0
452.4	0	0
576.5	0	0
430.5	462	0
427.2	457.8	0
453.1	0	0
458	0	0
431.2	465	0
572.05	0	0
434.55	466.15	0
463.85	564.2	0
0	592	0
441.65	583.95	0
429.05	459.5	0
429.2	460	0
0	0	0
485.8	588	0
430.15	459	0
431.3	458.5	0
483.65	585.95	0
435.2	0	0
436.9	484	0
0	448.5	0
0	453.05	0
0	465.5	0
0	454.8	0
0	551.6	0
449.5	0	0
0	0	0
429.95	0	0
441.7	0	0
445.5	476	0
453.85	0	0
585.7	0	0
454.55	0	0
441.1	470.6	0
532.1	0	0
441.35	469	0
447.1	0	0
439.5	472	0
0	0	0
443.35	472.5	0
446.25	475.55	0
443.5	473.5	0
0	0	0
438.9	464.5	0
438.2	464.5	0
440.15	463.5	0
0	458	0
568	0	0
0	632.8	0
479	576.6	0
0	452.5	0
0	465.5	0
0	451.85	0
444.85	474.5	0
589.1	0	0
460.3	0	0
543.5	0	0
461.45	0	0
535	0	0
450.15	480	0
464.2	0	0
436.95	0	0
551	0	0
530	0	0
0	0	0
454.55	0	0
452.25	0	0
467.6	0	0
432.7	0	0
548.75	0	0
438.9	0	0
551	0	0
547	0	0
433.5	481.25	0
556.9	0	0
541.3	0	0
450.5	0	0
448	0	0
448.6	0	0
549.1	0	0
433.7	477.7	0
438.1602	479.9221	627.2862
430.6	466	0
434.5	473.7	0
447.55	0	0
447.1	0	0
549.3	0	0
528	0	0
444.65	0	0
450.6	0	0
443.2	481.5	0
444.2	480.7	0
448.65	0	0
446.9	0	0
435.2	467.3	0
439.3	477.65	0
552.85	0	0
441.3	0	0
437.4	471.6	0
436.3	471.2	0
436.9	470.85	0
437.45	0	0
482.05	0	0
439.5	470.05	0
457.5	0	0
455.05	0	0
439.15	0	0
456.1	0	0
454.75	0	0
0	0	0
449.8	0	0
454.6	0	0
0	0	0
440	0	0
440.8	477.8	0
451.05	0	0
445.5	476.6	0
444.6	0	0
436.7	473.4	0
449.1	0	0
454.8	0	0
441.7	0	0
448.45	0	0
566.05	0	0
446.1	0	0
566.7	0	0
450.15	0	0
446.15	0	0
448.8	0	0
453.3	0	0
443.5	481.5	0
452.1	0	0
459.4	0	0
550.55	0	0
457.25	0	0
450.95	0	0
464	0	0
433.5	476.5	0
461.7	0	0
430.8	467.15	0
486.9	524.4	0
464.95	0	0
467	511.65	0
428.7	472.1	0
439.55	482.75	0
447.15	497.65	0
428.7	476.2	0
426.65	470.5	0
425.45	468.25	0
428.65	467.25	0
447.65	0	0
440.1	0	0
443.25	0	0
453.3	0	0
451.9	0	0
573.55	0	0
447.7	0	0
461.15	0	0
562.15	0	0
434.25	478.55	0
433.35	465.55	0
474.7	529.5	0
440.15	0	0
441.7	482.65	0
432.6	471.2	0
0	0	0
537.95	0	0
468.35	538.1	0
483.55	0	0
446.5	0	0
444.3	0	0
459.0085	478.0058	627.2827
448.2	497.35	0
545.05	0	0
436.7	0	0
448.7	0	0
464.209	533.6357	631.5269
438.35	479.85	0
552.85	0	0
543.1	0	0
431.2	0	0
447.15	0	0
449.3	495.45	0
446.8	0	0
487.75	0	0
433.15	0	0
446.1	507.9	0
448.9	0	0
453.5	0	0
454.4	0	0
553.95	0	0
453.8	556.65	0
443.35	0	0
449	0	0
455.05	0	0
535.5	0	0
573.5	0	0
467.3	523.75	0
444.25	0	0
541.1	0	0
538.4	0	0
474.15	521.6	0
432.6	475.25	0
432.85	474	0
476.1	520	0
458.338	508.6576	631.5244
449.95	0	0
431.3	467	0
456.2	0	0
458.55	0	0
459.55	0	0
437.95	0	0
430.25	465.2	0
522.8	0	0
447.95	0	0
461.55	0	0
423.95	461.5	0
419.2	464.75	0
423.6	473.25	0
420.7	463.8	0
449	0	0
462.25	519.4	0
544.9	0	0
442	0	0
445.5	0	0
427	465.25	0
430.55	0	0
426.8	469.7	0
430	478.3	0
432.35	493.4	0
420.75	461	0
422.1	463.75	0
417.6	456.75	0
411.15	452.15	0
473.6	0	0
440.55	0	0
440.65	486.1	0
454	519.3	0
436.75	487.5	0
455.05	504.75	0
422.75	460.85	0
450.25	503	0
448.65	0	0
426	468	0
452.85	498.3	0
429.25	467.5	0
435.4	483.7	0
440	472.5	0
427.45	0	0
454.05	507.2	0
437.45	472.9	0
455.95	513.2	0
576	0	0
467.3	0	0
434.2	471	0
440.15	485.55	0
459.75	515.5	0
435.65	469.5	0
439.9	478.9	0
440.8	478.9	0
448	491.3	0
436.7	0	0
431.2	474.5	0
449.45	0	0
448.55	0	0
422.65	466.55	0
429.9562	473.9794	627.2936
424.8	468	0
422.4	464.9	0
444.4	484.1	0
453	0	0
458.55	0	0
539.6	0	0
417.7	450	474.9
413.8	451.25	0
429.3678	471.9259	627.303
413.5	440.7	464.6
413.45	454.7	0
446.1	489.5	0
450.5	496.3	0
417.2	450	0
424.7	473.1	0
424.9	473.1	0
446.45	0	0
439.55	0	0
544.4	0	0
433.1	472.95	0
537.95	0	0
541.5	0	0
436.15	0	0
579.75	0	0
430.2	477.2	0
424.65	460	0
427.4188	470.5767	626.0543
428.9	472.2	0
428.3	476.8	0
594.95	0	0
436.5	0	0
434.65	482.25	0
432.15	481.25	0
419.1	464.5	0
439.45	473.6	0
421.2	0	0
418.4	0	0
416.45	450.95	0
412.65	447	0
422.5	0	0
424.3	465.3	0
429.6	0	0
414.4	445.35	0
410.5	429.3	0
437.75	483	0
441.6	0	0
427.55	468.5	0
0	0	0
425.1	465	0
441.2	0	0
425.35	478	0
438	486.5	0
446.3	488.4	0
423.8	458.85	0
423.8	465	0
428.05	466.25	0
428.8	468.5	0
441.4237	467.585	626.7051
434.2	474.5	0
437.4	480.2	0
436.4	482.9	0
424.2	472	0
415.8	443.3	471.45
426.7	465.75	0
454.25	503.3	0
421.25	461	0
418.9	460.5	0
427.25	464.2	0
430.3	0	0
414.35	450.05	0
425.9	454.9	0
445.65	492.9	0
416	454	0
448.75	532.35	0
419.1	451.6	0
413	434.95	0
0	443.3	0
443.95	481.75	0
0	443	0
428.85	472.05	0
445.9	0	0
469.0678	530.991	628.277
426.3	0	0
425.4	462.65	0
424.45	0	0
598.85	0	0
435.9	0	0
418.2	456	0
437.95	476.4	0
439.9	0	0
418.95	464	0
431.1133	497.853	626.1544
451	578.85	0
430.1	465.9	0
420.6	461.5	0
424.45	459.75	0
435.25	474.5	0
439.25	0	0
438.8	0	0
435.95	0	0
431.3	461.2	0
445.1	503.15	0
430.9	477	0
427.45	463.05	0
458	0	0
429.2	469.1	0
446.5	0	0
449	0	0
448.6	0	0
421	454.45	0
434.7	470.55	0
424.35	461.05	0
426	460	0
431.55	454.5	0
422.5	448.95	0
427.05	456.2	0
425.6	455.5	0
424.3	457.05	0
427.45	459.6	0
423.85	455	0
424.9	455	0
454.2	558.45	0
430.5	467.1	0
454.2	556.95	0
424.55	454.5	0
425.65	452.05	0
432.15	463.5	0
420.3	446.9	0
418.25	458.75	0
428.6	469	0
0	451	0
437.3629	439.2054	627.3005
442.2439	460.3851	627.3006
0	440.15	0
460.3	0	0
428.15	0	0
0	564.5	0
0	441.8	0
0	522.15	0
0	445.5	0
439.95	0	0
451.1	0	0
425.1	470	0
0	0	0
450.2	0	0
444.5	0	0
437.85	467.2	0
466.9	499.25	0
437.35	467.5	0
471.75	507.5	0
434.3	485	526.1
472.3	529	0
469.85	0	0
521.1	0	0
472.8	522.6	0
468.15	0	0
508.25	0	0
470.1	0	0
467.6	0	0
461.2	507.65	0
497.1	554.75	0
482.25	0	0
466.25	524	0
504.75	0	0
474.35	542	0
465.95	527.5	0
464.85	529.25	0
456.2	0	0
466.85	527.9	0
461.75	523.5	0
458.7	506.2	0
499.6	0	0
459.2	0	0
499.75	535	0
460.4	517.5	0
480.4	531.6	0
497.75	567.75	0
461.6	520.5	0
463.7968	531.5174	627.4968
463.35	526.85	0
471.3	537.6	0
477.95	0	0
466.5	0	0
486.05	0	0
472.7	0	0
463.05	514.65	0
479.5	0	0
495	0	0
464.3	0	0
471.2	531.1	0
491.5	0	0
485.7	0	0
491.5	0	0
474.95	0	0
476.8	0	0
469.2	520.7	0
514	575.6	0
486.35	0	0
478.8	0	0
472.65	0	0
467.6	0	0
460.15	0	0
469.35	0	0
477.35	0	0
502.4	0	0
475.3	0	0
468.85	0	0
436.75	491.95	0
478.85	0	0
471.8	0	0
432.2	491.6	0
435.5	471.3	0
481.3	0	0
494.95	0	0
477.3	0	0
485.45	0	0
472.1916	527.6022	626.3403
446.4	0	0
450	500.45	0
476.7	0	0
480.5	0	0
472.35	0	0
504.2	0	0
487.65	0	0
431	475.9	0
456.05	0	0
483.1	0	0
520.45	0	0
476.2	0	0
482	0	0
470.45	0	0
461.15	0	0
455.4	0	0
455.85	0	0
454.45	0	0
433.3	489.8	0
479.4997	536.01	629.525
478.5	536.05	0
482.035	0	0
463.2	527.7	0
479.9	543.25	0
455.7	521.2	0
461.7	0	0
0	0	0
443	511.5	0
466.15	0	0
450.2606	507.2554	627.272
461.1	0	0
436.55	488	521.1
472.7	0	0
431.35	479.7	0
435.9193	470.6939	625.6713
440.4	0	0
447.35	486.8	0
439.6	482.9	0
435.5	482.55	0
435.9	479.6	0
444.85	513.35	0
454.3	522.55	0
447.7	0	0
444.45	0	0
445	484.65	0
0	0	0
438.35	0	0
440.5	489.5	0
453.55	0	0
445.65	0	0
444.55	499.1	0
454.45	0	0
434.9	475	0
438.9	482.4	0
435.4	485.4	0
471.8	518.6	0
433.55	478.4	0
448	0	0
458.75	514.05	0
454.7	510.85	0
459.9	522.15	0
456	0	0
452.35	504.55	0
441.15	479.35	0
471.89	527.72	0
440.1	477.95	0
433.2	466.95	0
456	0	0
527.45	0	0
538.5868	595.7474	658.8017
501.45	0	0
466.6	533	0
457.2315	521.4586	627.3043
512.5756	573.0947	658.8089
528.35	0	0
630.45	0	0
519.35	0	0
0	0	0
444.1	501.05	0
466.35	536.35	0
456.15	521.9	0
456.9	529.25	0
452.05	514	0
456.3	505.3	0
0	596.15	0
0	462.6	0
524.5	0	0
534.65	0	0
0	570.25	0
627.1	0	0
510.55	0	0
475.4	526.5	0
533.95	0	0
