Z3_1	Z3_2	Z3_3
429.9197	489.6843	626.9202
401.4471	490.1674	626.8045
429.0439	493.4695	627.4186
421.6393	470.1524	626.8591
448.3891	488.484	627.3038
479.4854	486.7908	627.3035
433.5891	480.2283	627.3029
480.0292	532.3983	627.3019
479.4752	487.541	627.3035
435.2524	476.1492	627.3027
457.1115	481.8802	627.3021
485.9225	527.5358	627.3016
450.3981	487.9151	627.3011
446.7089	486.4153	627.3011
455.0073	490.834	627.3008
462.2823	495.6771	627.3006
494.2465	548.5297	627.3005
450.2701	496.5702	627.3006
456.5049	492.5897	627.3004
493.1493	562.5496	627.3008
471.8316	494.1381	627.3004
477.2199	492.9676	627.3002
457.55	490.5965	627.3002
483.963	487.8023	627.3001
351.9061	483.8902	627.3
462.1951	485.274	627.3
440.0059	483.3729	627.3011
464.9539	488.8889	627.3008
431.4718	477.7789	627.301
459.7112	478.17	627.3007
442.8313	477.8815	627.3016
454.2317	482.0738	627.3003
492.0286	536.5046	627.3003
442.4734	478.3812	627.3001
446.3975	488.7144	627.3001
472.7658	486.6786	627.3001
473.8087	486.6875	627.3001
455.9269	478.0273	627.3001
467.53	482.9228	627.3
460.9776	493.1009	627.3036
450.0768	485.5168	627.3
460.9036	491.6828	627.3
447.9077	481.6371	627.3
464.8811	473.2342	627.3001
476.2416	563.3121	627.3001
473.0464	475.7302	627.3001
470.2509	476.9458	627.3001
469.9226	580.1012	627.3001
471.9464	490.2468	627.3001
471.3639	473.2097	627.3001
471.2799	575.3104	627.3001
464.1876	474.2608	627.3001
472.6674	558.8932	627.3001
475.3736	578.1335	627.3001
477.3636	484.7341	627.3001
477.3027	586.5004	627.3001
466.7969	475.8976	627.3001
436.7112	479.4063	627.3
429.2956	465.0879	627.3019
424.9316	456.0522	627.3013
475.4922	503.3675	627.3024
428.8313	468.0093	627.3009
429.7309	464.9672	627.3007
439.34	476.4447	627.3005
434.8865	473.1318	627.3004
434.8979	471.3916	627.3002
430.7902	466.9998	627.3003
428.8756	462.0691	627.3002
433.3914	470.7775	627.3001
426.6692	458.6699	627.3001
428.8656	466.0469	627.3
443.5979	478.3437	627.3
424.3901	459.6919	627.3
429.9719	462.3019	627.2999
435.915	473.2242	627.3001
441.4673	470.8939	627.2999
438.5439	487.0739	627.2999
451.7178	481.1139	627.2999
454.4004	484.8385	627.2999
427.8856	467.119	627.3017
437.0516	462.1172	627.3017
428.7602	461.3642	627.3012
476.8091	510.8934	627.3
433.2469	468.2321	627.3008
434.3474	465.1377	627.3004
469.8626	492.1493	627.3005
438.5143	465.3041	627.3004
433.6099	464.6413	627.301
424.3036	468.0103	627.3002
424.1308	460.8955	627.3002
422.7239	460.807	627.3
420.9167	455.297	627.3
423.11	450.2356	627.3
422.8366	451.6492	627.2999
423.9171	495.9726	627.2999
426.6487	445.5576	627.2999
436.5145	448.8611	627.2999
428.7229	435.8258	627.2999
434.4667	445.7401	627.2999
451.4148	459.3636	627.2999
447.5989	625.2059	627.2999
440.6633	448.8477	627.2999
441.9423	460.2022	627.2999
477.9932	488.8259	627.3
452.2698	474.512	627.2999
449.2182	465.8795	627.2999
454.8688	469.9977	627.2999
459.5719	478.514	627.2999
465.5401	477.7959	627.3
439.1002	470.0044	627.3031
424.4939	465.5634	627.3018
464.9549	526.8127	627.3026
421.2679	461.4461	627.3007
423.3063	475.7599	627.3003
421.7555	457.2353	627.3
422.106	458.5722	627.2999
421.4733	520.7448	627.2999
428.5064	456.9473	627.2999
437.1621	448.3513	627.2999
443.0319	445.838	627.2999
449.5817	470.3078	627.2999
456.2588	469.229	627.3
416.4698	449.8116	627.305
418.7904	457.7104	627.3049
422.4313	460.8739	627.3044
468.6305	489.1502	627.3002
451.0961	486.2379	627.3
472.0397	480.5299	627.3
468.0394	476.4787	627.2999
438.5195	471.718	627.3029
426.1248	532.8713	627.3018
448.281	550.8412	627.3039
469.4392	536.1751	627.3
420.9035	463.465	627.3005
441.2573	540.1169	627.3011
427.8704	535.5631	627.3008
465.0298	485.8081	627.3
468.3099	502.859	627.3
421.341	461.3707	627.3
465.2118	524.3285	627.3
466.4844	508.389	627.3
467.143	592.9561	627.3
464.9713	523.1414	627.3
468.6598	488.603	627.3001
466.3998	486.4192	627.3
468.7592	478.2095	627.3001
469.0379	474.693	627.3001
423.8681	436.1839	627.2998
423.8557	453.8406	627.2998
472.8846	489.5424	627.3001
427.2491	434.9628	627.2998
435.8614	452.0702	627.2998
437.8001	531.9553	627.2999
430.6364	533.9597	627.2998
478.2788	514.9721	627.3001
482.2902	565.4116	627.3001
480.5455	491.7782	627.3001
480.1553	574.4672	627.3001
482.1586	560.095	627.3001
481.6822	490.1546	627.3001
484.9135	560.0212	627.3001
477.67	482.2209	627.3001
433.9286	529.6213	627.2998
442.2463	460.654	627.2999
482.9459	525.8693	627.3001
488.2294	570.8295	627.3001
486.9873	562.0121	627.3001
484.9606	624.9338	627.3001
485.4518	511.0597	627.3
475.0301	482.5468	627.3001
487.1479	499.0104	627.3001
449.1762	483.2404	627.2999
451.3495	535.7307	627.2999
446.4933	545.5782	627.2999
489.6987	501.5702	627.3001
491.0054	586.0836	627.3001
491.1038	505.2038	627.3001
492.0364	561.3673	627.3
455.7171	471.9153	627.3
461.0727	515.1149	627.3
462.2874	554.3005	627.3
462.1931	546.5905	627.3
459.8506	595.2476	627.3
460.1781	564.4261	627.3
430.2716	447.9023	627.3045
425.6219	464.5713	627.304
439.1339	516.8041	627.3036
438.1187	532.0532	627.3044
421.97	451.9072	627.3027
419.6531	465.8926	627.3015
423.5702	468.0898	627.3008
420.557	461.435	627.3004
422.1667	451.5121	627.2999
423.5921	519.9366	627.2998
424.2673	524.6332	627.2998
420.4286	518.4017	627.3001
426.0802	440.3651	627.2997
444.5139	485.4193	627.304
456.361	485.9033	627.3032
486.4853	493.7134	627.3035
433.6839	482.4999	627.3037
438.4402	482.8685	627.303
490.4593	532.1411	627.304
436.9478	446.7202	627.2998
443.03	468.6112	627.2999
445.4159	477.7922	627.2999
441.1426	547.2905	627.2999
450.0311	471.6789	627.2999
456.0209	475.992	627.3
454.3565	479.8806	627.3
461.4011	490.8549	627.3
438.0235	449.1273	627.3041
438.5332	525.3839	627.3043
422.2645	427.7087	627.3027
425.488	433.2587	627.3036
425.382	451.8699	627.3042
432.1167	444.2146	627.304
445.5044	458.3473	627.3036
424.5854	460.7401	627.3022
446.3802	540.2075	627.3019
478.9657	500.5474	627.3026
421.8066	476.4031	627.3012
443.7855	486.6336	627.3024
465.5128	484.4428	627.3022
456.5817	486.2043	627.3018
422.2639	443.8083	627.3004
421.5618	526.5984	627.3001
425.5965	529.9071	627.3007
425.892	455.4736	627.2999
429.606	449.8864	627.2997
427.1308	434.3002	627.2997
439.5137	458.2495	627.2998
440.0352	544.8147	627.2998
442.0356	543.7585	627.2998
445.5182	452.6986	627.2999
451.8731	480.3224	627.3
453.3249	566.6456	627.3
448.7642	535.1842	627.2999
457.8636	484.4545	627.3
461.912	505.3391	627.3
463.6597	486.1748	627.3
466.4124	565.558	627.3
462.0697	561.8289	627.3
434.368	442.9264	627.3038
457.7348	489.5504	627.3013
447.9298	464.9367	627.3034
460.0677	538.1031	627.3026
448.0538	525.5818	627.3036
434.17	457.3597	627.3023
445.8989	517.8773	627.3026
429.3062	463.6322	627.3011
435.2304	536.2121	627.3013
423.6103	523.3762	627.3014
429.0293	430.6281	627.3002
430.7581	446.0988	627.2998
429.1415	493.6064	627.2999
448.6561	451.7968	627.2999
449.5104	519.5594	627.2999
453.5529	455.7126	627.3
454.9164	465.4587	627.3
459.5168	462.2006	627.3
460.8533	498.1126	627.3
458.8047	532.7955	627.3
453.9246	489.1947	627.3015
463.9148	492.168	627.3008
462.5678	466.6207	627.3
469.7472	488.4138	627.3001
444.0777	451.1291	627.302
446.2141	466.3914	627.3032
440.9336	443.0634	627.3009
441.9103	452.3684	627.2999
440.9524	458.6126	627.3
449.7622	464.022	627.3
453.4222	470.0063	627.3001
455.3299	466.9343	627.3
511.4066	579.9424	635.0556
562.2062	565.6433	635.5748
494.7245	548.4218	625.3738
535.1396	562.5486	629.0922
490.2448	554.199	627.3052
437.5826	485.2788	625.493
435.824	482.8023	625.446
424.3514	460.5485	625.4759
432.9537	482.4693	626.3232
439.979	477.0602	626.1909
465.7603	541.9785	634.5317
524.9342	587.8577	650.4276
524.7385	590.4088	653.5502
545.4537	590.8427	654.0927
589.7336	605.1902	652.64
590.2881	603.3523	653.2524
438.6237	482.066	627.4365
459.3002	540.6548	627.2671
430.4424	460.8233	627.29
460.9031	519.437	646.6017
486.7764	487.9046	627.3001
431.6413	475.0877	627.3063
427.9366	458.6202	627.3063
422.0809	460.4012	627.3058
423.8593	461.2286	627.3058
422.1401	463.6577	627.3053
427.5784	465.4536	627.3056
427.5038	458.0529	627.306
459.2549	519.6021	627.3071
476.5636	533.6145	626.3272
467.2491	530.0661	625.7197
443.4723	470.4133	627.2999
442.3195	483.0299	627.2999
446.0087	457.7502	627.2999
467.3266	472.0178	627.3001
430.2761	470.7861	627.3794
527.2849	587.0801	649.4022
528.2012	588.8411	651.0549
536.4711	598.1226	659.4847
528.7634	565.7271	623.7888
567.6199	580.3851	625.7238
516.4531	568.3216	632.2568
433.8149	466.7646	627.3016
425.0723	469.2298	627.3038
427.8589	467.5132	627.2941
426.3882	462.8081	627.3113
427.3371	466.0591	627.3021
512.7288	535.8787	645.3179
454.2096	499.8529	627.4528
432.5957	483.5831	627.2884
431.0602	479.2811	627.283
427.2091	472.7157	627.3
429.9874	473.2795	627.2872
422.2103	463.5471	627.3228
430.2394	467.6484	627.3155
447.6801	475.7457	627.4306
435.2146	480.5652	627.3204
466.49	475.4818	626.3832
449.609	476.7065	626.5637
481.0934	533.1661	626.7426
474.9499	513.5673	626.5945
473.3918	513.6259	626.3142
461.6867	474.1145	626.4522
475.1157	488.808	626.3531
522.8273	530.757	658.7332
517.5383	530.2256	654.2499
538.0968	598.1869	659.0387
597.9341	635.8007	659.0872
529.5453	594.8094	658.9017
529.9523	594.72	658.6989
531.7018	596.9476	658.6321
454.8242	469.5462	625.8115
471.2191	489.0313	625.8851
471.2246	489.8524	625.8846
450.4418	468.9138	625.7906
465.2913	517.843	625.8182
525.4258	598.0248	658.9193
539.7328	598.4197	659.2664
442.1701	478.5212	627.0221
471.8094	480.3162	626.9042
447.8705	497.1017	627.3006
454.1509	502.1951	627.3004
442.665	482.0042	627.3005
453.9114	487.7118	627.3003
441.4023	444.0289	627.3034
448.942	481.1078	627.3031
445.8074	475.6733	627.3361
426.742	461.6907	627.364
446.2019	490.6766	627.3502
432.503	476.1577	627.376
444.6355	477.8201	627.3524
445.705	474.0305	627.3943
432.3282	441.3998	627.2997
460.8623	493.1056	627.2999
526.5092	586.9432	648.7836
532.5388	587.9735	653.4817
527.3623	586.1065	648.9975
457.5257	508.8535	627.3
440.7592	483.8171	627.3232
462.6151	520.0821	627.2595
467.7195	516.9677	627.0666
457.3088	503.2332	627.2291
432.8719	476.3497	627.3026
442.3786	469.2091	627.3015
522.5124	588.875	651.6382
523.4677	587.1793	649.5267
525.0548	586.3223	648.5426
522.2603	582.4463	643.9314
521.1783	585.5655	647.537
585.3007	598.0125	647.1383
523.3817	583.587	645.1727
527.3936	588.5033	651.0583
521.3725	587.0293	649.1354
591.3525	627.1705	654.4425
574.3554	594.157	658.5629
522.75	594.3483	658.8536
517.4503	594.2656	658.8012
521.7457	594.5091	658.8472
521.248	582.1342	643.4506
520.0435	586.0289	647.9875
521.2147	583.7717	645.2097
524.8093	588.48	651.0964
528.1183	586.6917	648.8497
524.6016	587.9318	650.0145
530.3049	588.9052	651.413
523.6522	585.8206	647.5245
525.4551	584.6929	646.0172
417.4294	451.5241	627.3049
520.2869	582.5466	643.6509
500.6449	529.1907	651.1074
423.0871	459.9843	627.2892
419.8627	459.0291	627.2887
419.6486	463.2006	627.2922
530.4828	562.6237	659.5234
438.5679	493.435	626.0491
540.1973	590.0896	652.7136
558.9429	587.0855	648.7644
589.7725	621.8752	652.1154
559.3813	587.0678	648.7447
524.2841	584.052	645.0388
525.173	579.2473	639.4153
591.4022	608.2094	654.1296
432.4902	476.2638	627.368
426.1399	468.5743	627.3461
442.3841	468.8477	627.3597
593.1923	650.1115	656.5546
429.9742	469.6967	627.2991
429.5692	469.7783	627.2996
424.4552	467.4735	627.2932
427.7661	469.9909	627.3056
437.3261	464.9143	627.3049
423.3839	463.7896	627.3057
422.8136	461.4392	627.3052
418.7056	456.128	627.2916
435.9808	478.8984	627.2946
430.5005	473.6083	627.2911
434.1775	466.8476	627.3041
464.7459	468.5822	627.3035
427.4036	465.8183	627.3032
469.2925	511.708	627.304
490.598	527.3447	627.0367
470.6889	532.1824	626.4879
455.1363	495.0649	629.1272
425.6218	467.1424	627.3044
429.1226	487.0564	627.3038
426.9552	468.0811	627.3029
423.484	461.666	627.3054
417.0339	455.8339	627.3041
427.0129	465.0523	627.3054
511.2169	574.2344	655.5648
478.876	529.2368	648.0416
431.0902	475.6345	627.2999
447.6746	489.7569	627.3022
459.3708	504.4328	627.2993
443.7918	483.6826	627.3015
501.0505	546.0208	657.0477
420.316	454.5482	627.2958
415.8413	451.8567	627.2977
441.8414	479.6346	627.2942
423.7908	466.7043	627.296
479.0936	553.0515	657.4001
436.3382	488.587	627.3068
433.7282	473.7135	627.3061
463.2511	518.1766	627.3069
434.2922	475.0317	627.3066
430.131	468.0727	627.306
430.4153	485.8881	627.3066
479.9231	539.1879	656.7506
420.5734	459.6566	627.3021
417.1655	452.8621	627.3009
417.8674	457.2971	627.3029
501.8	575.8854	657.7365
506.1385	560.3123	657.8688
415.411	457.7325	627.2972
417.1219	451.4579	627.2996
423.4194	460.8584	627.2955
426.6395	439.9805	627.2984
444.5867	493.4257	627.3046
450.9052	496.1352	627.3066
446.8314	489.616	627.3039
444.4704	486.1569	627.305
454.8938	487.0847	627.3018
449.6083	491.6762	627.2953
491.8164	503.9848	627.2978
436.3982	478.0408	627.2816
435.6025	506.0721	628.7877
439.5137	501.537	627.9777
442.1254	481.1727	627.3163
434.6553	477.0779	627.3013
427.0125	472.5656	627.3325
429.4417	472.4157	627.313
432.7351	473.1028	627.353
466.4222	512.4005	625.403
513.468	531.4572	625.3272
456.2197	508.7908	625.4806
460.4704	504.2137	625.8625
447.8	496.7209	625.715
501.5683	531.3086	626.0777
506.5832	534.8825	625.6028
455.3093	496.9767	626.4126
470.7487	494.1353	626.3189
496.5501	540.1649	626.577
445.7296	488.8605	626.9016
448.1183	490.0109	627.0465
488.8582	531.1321	626.9568
446.388	493.2273	627.2524
491.7768	511.5648	627.217
435.4574	483.7609	627.3052
436.2131	468.8159	627.3052
440.7351	471.5441	627.3043
441.9843	493.897	627.306
444.5529	519.652	626.9756
453.8955	512.5199	626.5679
444.3106	492.185	627.2776
451.9639	512.1093	625.9443
507.2809	542.9066	625.6343
450.0811	489.24	627.4088
450.7069	491.0746	627.3904
488.7473	527.7793	627.4158
438.8169	480.0452	627.3724
472.4367	473.5155	627.3536
472.3948	474.4478	627.3535
438.2839	467.2744	627.3347
432.0563	462.6182	627.321
465.6758	467.7331	627.3411
450.8322	465.2746	627.327
470.6631	552.0184	627.3552
431.0872	459.7663	627.3085
429.9384	459.7385	627.301
450.9209	463.8998	627.3146
453.9574	465.2284	627.3045
437.6358	464.1566	627.2941
471.248	552.6881	627.2947
438.6302	478.7423	627.29
460.5804	553.5593	627.2924
442.4702	579.641	627.2903
441.867	574.6544	627.291
430.4207	462.3237	627.2954
444.8116	479.907	627.2995
458.0724	526.2572	627.2995
474.1857	562.1737	627.2977
436.7993	472.1229	627.3023
436.7065	467.2951	627.3032
478.5607	573.2084	627.3024
439.7386	498.9965	625.4143
436.6215	496.1537	625.3755
452.332	473.5639	627.3027
451.9929	462.5571	627.3018
451.7441	468.7325	627.3009
452.4049	473.1265	627.3002
451.0988	524.3128	627.3003
449.4702	483.5127	627.384
451.1102	484.9688	627.3763
430.5717	494.9739	625.4056
440.5391	493.8509	625.5114
447.2224	479.7815	627.4254
471.1711	485.9975	627.4186
486.9204	567.2421	627.4192
458.7623	471.9388	627.3515
446.0596	470.0166	627.3356
476.1273	518.4052	627.3575
441.8917	468.7806	627.3206
444.3636	469.9713	627.3083
441.6247	476.0732	627.2996
436.1634	477.271	627.3043
443.6062	480.0259	627.2924
446.9799	476.9926	627.291
444.0988	475.2281	627.2938
450.6694	502.3658	627.2948
450.018	533.8912	627.2979
439.3514	470.4943	627.3014
445.6011	484.062	627.3026
462.0974	474.5543	627.3027
459.3328	491.752	627.3026
461.6025	621.171	627.3024
471.2255	554.5444	627.3029
458.0619	475.6711	627.3021
457.165	475.5853	627.301
452.3558	457.4358	627.3002
469.3221	490.5793	627.4189
496.0901	578.3837	627.4121
462.2112	487.1305	627.3981
493.3963	524.4735	627.3916
476.3952	482.8326	627.3661
491.3651	527.8782	627.3738
450.0057	484.4605	627.3079
461.273	492.0018	627.2953
468.9279	489.5889	627.2343
496.2601	546.0469	627.3929
480.8123	519.415	627.243
451.1054	484.4773	627.1069
454.0984	489.9212	627.2913
453.153	533.8793	627.2967
466.2033	549.7985	627.3019
449.4657	481.0851	627.2629
484.3648	538.8	627.3555
446.4458	490.3524	627.4608
486.7495	543.3297	627.433
485.1091	518.7286	627.4557
460.5955	484.6756	627.4496
500.6815	551.9894	627.4899
499.1627	533.6047	627.4874
452.8763	483.9319	627.1683
453.3415	488.0895	627.4767
459.3006	483.6448	627.0085
484.4426	536.9554	627.126
433.5448	476.0679	627.2802
438.0793	480.5796	627.2781
432.1522	469.7757	627.283
435.311	474.422	627.2801
455.2834	477.6904	626.8044
455.3559	477.5029	627.458
476.7166	526.9459	627.454
473.4765	515.0851	627.4046
445.8407	475.4086	626.7407
463.8929	475.6743	626.8986
444.1196	475.5904	626.6483
443.6659	475.7938	626.8035
450.3391	475.3564	627.0449
447.4703	474.2333	627.1608
437.7788	476.3411	626.9589
439.2774	476.8522	627.09
476.3327	528.8622	627.0262
442.8165	472.0547	627.2458
439.7141	470.7359	627.3584
436.3542	471.3065	627.2216
440.6593	474.8056	627.3211
444.4127	472.2016	627.4194
475.344	476.896	627.4396
441.1525	476.7346	627.3888
455.9252	480.1377	627.4219
454.0813	477.0888	626.557
441.9107	477.4501	626.7109
454.3112	478.955	626.4708
454.6903	479.2338	626.6276
469.2696	480.9503	626.6142
446.0272	477.8047	626.8164
455.8722	479.5836	626.7684
447.7208	478.5024	626.8788
443.7525	499.1324	627.3566
443.6986	486.023	627.3981
451.2605	499.8285	627.3176
446.4597	487.3903	627.3765
444.0899	482.7866	627.2791
440.6988	482.1392	627.2811
447.8044	478.4412	627.2801
451.0184	480.0069	627.2816
478.9138	481.8129	626.3748
474.9151	483.1143	626.7476
485.8375	552.4143	626.5803
460.8593	488.8116	627.0571
485.8289	554.8358	626.9011
450.3021	494.0788	627.2702
446.3591	473.0496	626.3492
460.6058	474.6294	626.5663
451.7747	472.4398	626.1498
445.2359	474.8798	626.433
451.888	475.9696	626.2003
457.2513	476.8177	626.3997
481.5538	519.871	626.1943
456.6257	478.4875	626.2991
452.4189	480.9814	626.0618
472.3684	489.9635	626.5751
434.8506	480.3306	627.2852
461.0978	493.7208	627.1699
434.5068	471.5699	627.1981
474.4106	510.5802	627.2986
460.3787	483.8053	627.1165
465.7632	506.1465	627.241
432.3234	476.3054	627.2921
443.1546	482.6983	627.2972
444.4586	493.8337	627.2942
430.0662	478.9455	627.3039
428.1266	469.8795	627.3051
425.7702	470.3655	627.303
427.687	467.1062	627.3046
446.8584	489.623	627.2745
442.8084	490.4312	627.2762
443.2644	513.3984	627.4792
457.3623	509.4449	625.3308
454.4923	520.152	626.0007
516.6268	554.6433	625.621
450.2408	524.7165	626.5839
481.6803	509.5869	627.5408
506.7226	540.5804	627.5301
437.7864	484.5282	627.4203
434.7929	477.0189	627.3827
481.0739	488.0227	627.3919
441.4369	501.9317	626.3001
441.0017	485.9206	625.8619
435.0099	491.7034	627.2996
441.2652	481.03	627.2973
486.9377	514.8752	627.3104
468.7098	537.8003	631.5762
481.0247	529.3831	628.8692
460.2656	490.442	627.4446
448.2722	485.1694	627.3746
458.9524	480.1438	627.3411
449.0999	483.3625	627.3811
487.916	515.3428	627.3984
440.5708	493.4748	625.4947
447.98	488.8183	625.4783
464.079	533.4562	632.3367
449.2448	485.1389	627.46
484.3304	536.0861	627.3922
493.9225	536.613	627.4899
432.8155	492.0286	625.3982
445.6971	491.342	625.5195
447.3259	490.704	625.4554
448.7879	513.9864	631.7953
487.0984	523.4927	644.0913
433.7576	491.8746	625.6523
443.1717	499.2357	625.7619
460.3101	477.9211	627.1922
465.8897	476.9304	627.3162
465.0763	475.8743	627.3807
475.3866	535.0711	627.2798
448.4585	537.054	628.4662
462.226	468.0146	625.9393
453.1632	471.3307	626.1069
453.3249	472.5057	626.0378
469.2717	523.3074	626.0618
492.8112	558.9335	626.2685
467.9521	510.7759	626.2069
453.3579	482.1314	626.1977
478.4636	519.3266	626.0415
483.8739	521.568	626.6738
471.0547	472.039	625.7912
434.9426	499.1614	625.9738
434.079	476.3296	626.5226
470.3271	510.5908	626.2385
458.28	508.1775	639.0881
451.5893	485.9124	626.9949
433.7677	469.308	626.9617
457.065	479.1768	625.8755
457.9987	479.9114	625.8663
465.8788	490.5885	627.4068
450.2968	476.4313	627.399
435.5162	468.331	627.3684
472.4015	481.9314	627.3872
457.0831	471.6364	627.379
461.8761	509.3855	640.8199
424.3327	464.7149	627.3421
420.742	465.1316	627.3215
424.3932	472.0119	627.3532
420.8865	464.6984	627.3305
478.4461	499.9958	627.281
467.0714	507.416	627.285
478.8585	500.0168	627.281
439.7946	466.9724	627.287
441.3575	467.257	627.2923
427.919	466.3303	627.2875
430.6845	479.6913	627.2838
426.6049	469.0959	627.2864
429.4091	477.6216	627.2838
439.7488	489.944	625.7473
424.1776	465.3236	627.2971
423.4066	465.4715	627.3002
418.3197	456.7492	627.2966
412.2247	452.9359	627.2991
472.5785	504.4552	637.4149
444.4811	507.5003	628.1937
443.397	499.7493	627.6362
461.7397	512.3044	627.506
437.4054	491.382	626.6218
452.1192	499.8645	626.2094
423.96	463.2409	627.3024
459.2352	489.9567	627.3025
448.4686	484.5837	627.2816
428.3934	470.4595	627.2835
447.9261	491.283	627.2825
429.5529	471.7898	625.5577
434.2406	483.2068	625.6516
439.1243	473.3403	627.3052
431.0506	495.2924	625.9406
448.6696	499.2262	626.1251
442.1831	478.7813	626.017
460.8835	500.2949	627.3809
499.2122	565.5732	627.4126
472.4233	499.1834	627.402
435.2241	472.736	626.3622
439.7055	484.0859	626.4528
463.3673	507.3989	627.3392
436.3804	471.5974	626.8123
440.4144	479.3855	626.9567
440.6942	480.1441	626.7004
451.7495	488.2083	626.9439
440.5427	477.6943	627.426
434.8462	475.6601	627.3945
446.044	475.3672	627.41
450.5117	500.6861	627.288
423.1031	466.1607	627.2867
431.2054	474.039	627.2855
427.001	470.4157	627.2845
423.5151	464.9666	627.2856
438.6939	479.1082	627.2853
461.976	478.331	627.0344
464.585	478.6983	627.1387
480.3543	526.5774	627.0739
417.8097	450.3585	627.288
417.2384	455.1802	627.2908
427.2816	468.4055	627.2907
416.8833	447.1482	627.2996
415.0084	455.8789	627.3019
443.4416	486.5479	627.2983
439.3346	483.7951	627.3004
417.6844	452.9086	627.3033
425.0966	470.4877	627.3013
423.8891	472.4503	627.3038
446.1183	509.4935	631.1694
451.355	505.515	629.2495
500.7693	524.2847	628.093
442.5195	501.0606	628.3227
510.1418	533.943	631.0419
507.6624	536.3019	629.2855
437.8927	496.6176	627.4207
499.3729	556.4415	627.8777
430.8763	491.4572	627.0891
425.0345	461.0748	625.5305
427.258	469.5906	625.55
428.1252	470.9389	625.5479
428.1691	476.3945	625.6004
481.6436	563.8281	626.0309
440.1345	482.4862	626.6509
438.9165	480.283	625.8593
437.1794	480.5065	626.3161
421.1205	466.4621	627.2873
437.0585	471.7422	627.2857
420.9243	463.8008	627.2885
419.3891	473.0453	627.2869
420.4413	458.1859	627.2868
417.7005	456.5799	627.2921
424.3629	463.4789	627.2944
425.9224	468.6526	627.2909
428.7996	468.7717	627.2932
415.5437	447.3256	627.3013
417.291	431.4743	627.3002
438.2022	506.6651	630.3486
442.8237	508.3926	629.8686
428.6732	467.6272	625.9482
431.9286	469.6202	625.7789
426.4981	465.0598	626.1302
437.7994	469.6967	625.9161
427.4804	478.2074	625.614
432.609	479.1881	625.6009
442.6703	485.7736	625.712
425.5526	465.192	625.6296
424.2528	466.175	625.6719
429.9041	466.4761	625.7613
432.3268	471.0816	625.9614
442.4444	468.1302	625.8336
435.9591	477.0611	627.4537
437.6613	478.3582	627.4362
436.1155	480.4112	627.4417
424.8271	468.4452	627.4027
419.7933	452.388	627.3831
427.3437	470.2206	627.4133
448.9099	496.0995	627.3973
423.0199	465.337	627.334
421.2821	462.3643	627.3157
430.3059	473.6315	627.3433
428.7087	468.808	627.3239
421.0642	461.306	627.3065
426.4131	456.7505	627.2984
442.7073	487.6291	627.31
424.8221	484.1519	627.2877
443.9886	517.2421	627.2878
424.0583	465.8741	627.2902
431.8451	467.0604	627.2947
434.1773	448.2942	627.2966
440.4343	477.2156	627.2952
427.8263	444.2403	627.2986
428.0891	469.2224	627.2985
445.6003	507.1152	634.1931
469.3435	531.0767	628.3129
427.1538	512.5257	629.9424
425.7328	499.2352	629.3044
424.8352	494.0543	627.9132
468.2328	513.4752	626.339
436.3857	478.9464	627.3242
434.2336	461.6807	626.4634
465.1255	486.6555	626.3112
444.6171	477.5752	626.3255
423.0876	469.8506	625.8402
431.1772	495.8891	625.6857
443.849	545.3579	625.6873
433.8824	472.1338	625.8046
421.5306	461.7519	625.678
430.0027	460.4645	625.7201
439.8597	478.2112	627.4492
440.1364	479.1285	627.4424
440.9284	480.4983	627.4428
436.0225	479.3564	627.4313
432.864	472.5704	627.4164
444.9819	496.4421	627.4238
435.4084	480.7832	627.3937
429.1174	481.3614	627.3827
455.2575	486.1958	627.3951
431.0394	476.7489	627.3541
443.8601	470.4512	627.3358
446.1866	478.7267	627.3629
449.9677	472.0859	627.3459
424.1365	462.9434	627.321
434.5659	466.9568	627.3272
425.2921	460.976	627.3149
427.1481	461.2013	627.2997
431.0741	456.3327	627.2945
423.7921	451.9177	627.304
426.7223	455.7787	627.297
426.2169	457.1381	627.2911
426.469	462.8167	627.2889
427.8001	459.6407	627.2917
425.0244	458.496	627.2894
427.2784	466.5929	627.2908
445.8452	540.6171	627.2927
430.9285	472.0181	627.2896
449.3098	541.7996	627.2881
427.4518	466.9095	627.2927
430.4694	460.587	627.2951
432.7253	466.6461	627.2944
422.5824	452.1743	627.2974
421.5117	459.2115	627.2993
429.0574	468.5421	627.2983
428.1364	450.319	627.301
435.4889	439.959	627.3024
439.9618	460.6691	627.3016
444.1396	448.0703	627.3034
444.8854	467.8497	627.3032
447.3523	506.9225	627.3027
450.9312	523.0182	627.3021
447.7312	448.9399	627.3016
447.517	505.8167	627.3019
447.3839	451.9468	627.3007
447.9347	482.7839	627.3
451.1031	501.7178	633.0479
428.9467	489.6408	628.6006
424.3857	492.8567	628.7232
448.3071	487.7282	628.1885
446.8932	483.0763	627.4263
438.964	471.2449	627.4357
462.356	487.9197	627.4143
439.0417	471.2219	627.4279
467.8898	502.0272	627.4267
435.7298	486.2873	625.7789
473.2967	529.4088	627.4734
470.8292	527.4838	627.5399
506.2551	526.0198	627.4835
481.9657	523.993	627.5276
469.9201	527.7302	627.571
499.8726	524.8418	627.5615
470.2867	530.6893	627.5629
469.0771	524.2819	627.441
464.3524	519.4788	627.5187
489.0934	522.0574	627.4652
481.8017	520.8961	627.4766
468.2654	524.2451	627.5601
494.857	524.9253	627.5467
472.8944	538.2816	627.5734
465.9576	526.3174	627.5683
464.2786	527.9009	627.5477
456.5595	528.1637	627.5033
467.5864	529.1005	627.4155
466.8248	517.019	627.4009
464.9491	517.4739	627.4921
487.3688	511.0302	627.4189
464.7887	508.5208	627.4526
499.28	534.4724	627.3386
466.1127	521.7366	627.5357
474.8564	527.2147	627.5115
490.3818	554.087	627.5581
462.3242	524.9011	627.5701
464.7076	529.1534	627.5587
463.6179	526.8052	627.5206
469.7657	532.9774	627.4936
484.4967	534.5495	627.2138
472.4825	531.8042	627.363
484.7438	535.2924	627.2124
473.5347	530.8593	627.3552
469.7394	539.2429	627.1547
478.2928	530.8496	627.3024
491.7354	540.1701	627.1286
466.616	526.6816	627.2997
474.0833	537.2444	626.7973
487.2015	536.54	627.015
486.0159	539.5393	626.828
489.584	539.8101	626.9716
476.3394	538.2935	626.7204
480.3862	546.9843	626.9335
471.7893	525.0732	626.6671
506.8225	562.8271	626.9031
481.3053	523.9387	626.815
478.4635	537.0907	626.2694
472.9807	535.3465	626.1876
467.4521	528.1533	626.0845
462.405	534.3348	625.6746
468.391	527.2641	625.5934
478.1233	535.5475	628.2274
498.4456	535.2714	626.7252
475.0898	536.7023	625.3596
469.1179	529.7757	625.3336
442.8412	526.142	625.5927
479.1342	541.1207	625.4584
472.6316	534.235	625.4944
433.4539	491.5728	627.0082
435.6619	472.0433	627.191
482.3309	546.2935	626.1873
491.8339	539.9926	625.941
480.8941	541.6962	626.4465
484.1316	538.7662	626.0504
469.2033	532.3015	626.1703
447.3648	488.6749	627.324
447.139	496.6504	627.4223
477.7515	544.8148	627.866
481.7889	540.9592	627.0071
475.5767	539.6375	627.9143
494.2857	536.8407	626.5472
487.5615	546.942	627.0286
438.4047	498.545	627.4941
459.2967	533.666	627.5637
489.1858	534.2967	627.2317
511.0858	534.2555	627.2275
478.0568	532.5455	627.4819
480.468	532.2515	627.578
473.7341	524.8052	625.3868
465.0497	522.3406	625.3178
458.9981	518.3091	625.5138
456.0747	516.3058	625.9715
455.0226	514.2653	626.1848
436.1891	509.4548	626.4291
479.682	541.456	629.4316
478.9328	536.7267	631.1181
481.8835	522.2356	627.5349
463.5875	527.4475	627.4366
479.1062	533.3585	627.301
456.1308	521.3823	627.2722
462.6898	514.1741	627.4643
458.3698	509.9036	627.4396
447.4955	504.6161	627.3844
465.2376	504.607	627.3219
450.6428	507.9237	627.2844
460.5866	510.5542	627.2691
438.7727	489.063	625.8849
472.2554	520.6561	627.3647
432.0028	477.397	625.7145
435.7067	470.3111	625.7969
437.7067	466.3284	625.6149
451.5314	505.9377	627.3004
439.1812	481.9411	627.3062
436.2213	482.6582	627.3071
436.6743	479.4904	627.3052
445.8082	511.1627	627.3058
453.5617	518.4594	627.3073
448.9537	525.4585	627.2893
445.3628	511.5999	627.3077
445.3206	500.2388	627.3079
446.4706	491.605	627.3078
441.7071	502.0871	627.3076
440.7151	491.8024	627.3068
451.9582	487.9807	627.3077
446.0112	509.5165	627.3069
444.8668	502.1222	627.3076
453.0096	510.0855	627.3073
437.5876	485.2254	627.3077
438.7628	483.1284	627.3072
436.8399	486.05	627.3066
455.7458	501.4252	627.3058
434.7768	478.3624	627.3044
447.0674	485.7242	627.3056
458.1891	513.9841	627.3065
459.8236	508.4186	627.306
459.1524	519.7444	627.3075
455.6806	511.6399	627.3077
453.3039	505.9401	627.307
445.2875	485.8115	627.3063
466.8841	513.3267	627.307
441.6226	496.4469	627.3065
438.2062	478.5007	627.3059
454.7175	479.825	627.3048
527.0101	529.9955	657.0159
537.4628	594.2004	657.1628
496.8958	526.1628	626.5635
465.8746	526.8719	626.375
457.6541	521.0288	627.3057
512.3636	573.191	656.5734
527.8638	585.2679	647.309
592.5197	624.4754	656.0906
521.7619	570.1819	631.7987
589.162	597.3157	651.1995
445.5009	502.2988	627.3069
466.2247	536.2361	633.071
457.2822	524.6593	629.6166
457.0013	514.3584	636.2122
452.3415	513.7001	637.6585
456.1781	506.3454	639.6049
492.3394	581.6608	627.3001
464.2495	474.391	627.3
543.3841	591.3566	654.7062
534.4697	596.753	658.5964
487.8137	550.8417	627.3
591.6304	615.5355	655.1409
510.278	575.3892	657.1412
445.1012	478.4328	627.4485
531.7202	533.3805	658.2423
