Ql	Qo	Qz	c
50	11.53846	-50	0.7692308
50	11.53845	-50	0.7692311
50	11.53843	-50	0.7692313
50	11.53842	-50	0.7692316
50	11.53841	-50	0.7692318
50	11.5384	-50	0.7692321
50	11.53838	-50	0.7692323
50	11.53837	-50	0.7692325
50	11.53836	-50	0.7692327
50	11.53835	-50	0.769233
50	11.53834	-50	0.7692332
50	11.53833	-50	0.7692334
50	11.53832	-50	0.7692336
50	11.53831	-50	0.7692338
50	11.5383	-50	0.7692341
50	11.53829	-50	0.7692342
50	11.53828	-50	0.7692345
50	11.53827	-50	0.7692347
50	11.53826	-50	0.7692348
50	11.53825	-50	0.769235
50	11.53824	-50	0.7692353
50	11.53823	-50	0.7692354
50	11.53822	-50	0.7692356
50	11.53821	-50	0.7692358
50	11.5382	-50	0.769236
50	11.5382	-50	0.7692361
50	11.53819	-50	0.7692363
50	11.53818	-50	0.7692364
50	11.53817	-50	0.7692366
50	11.53816	-50	0.7692368
50	11.53815	-50	0.7692369
50	11.53815	-50	0.7692371
50	11.53814	-50	0.7692373
50	11.53813	-50	0.7692374
50	11.53812	-50	0.7692376
50	11.53812	-50	0.7692376
50	11.53811	-50	0.7692379
50	11.5381	-50	0.7692379
50	11.53809	-50	0.7692382
50	11.53809	-50	0.7692382
50	11.53808	-50	0.7692385
50	11.53808	-50	0.7692385
50	11.53806	-50	0.7692387
50	11.53806	-50	0.7692388
50	11.53805	-50	0.7692389
50	11.53805	-50	0.7692391
50	11.53804	-50	0.7692392
50	11.53803	-50	0.7692394
50	11.53803	-50	0.7692394
50	11.53802	-50	0.7692396
50	11.53802	-50	0.7692397
50	11.53801	-50	0.7692398
50	11.538	-50	0.76924
50	11.538	-50	0.76924
50	11.53799	-50	0.7692402
50	11.53799	-50	0.7692402
50	11.53798	-50	0.7692403
50	11.53797	-50	0.7692405
50	11.53797	-50	0.7692405
50	11.53797	-50	0.7692407
50	11.53796	-50	0.7692408
50	11.53796	-50	0.7692408
50	11.53795	-50	0.769241
50	11.53794	-50	0.7692411
50	11.53794	-50	0.7692411
50	11.53793	-50	0.7692413
50	11.53793	-50	0.7692414
50	11.53793	-50	0.7692414
50	11.53792	-50	0.7692416
50	11.53792	-50	0.7692417
50	11.53792	-50	0.7692417
50	11.53791	-50	0.7692418
50	11.5379	-50	0.769242
50	11.5379	-50	0.769242
50	11.5379	-50	0.769242
50	11.53789	-50	0.7692423
50	11.53789	-50	0.7692423
50	11.53789	-50	0.7692423
50	11.53788	-50	0.7692425
50	11.53787	-50	0.7692425
50	11.53787	-50	0.7692425
50	11.53787	-50	0.7692426
50	11.53786	-50	0.7692428
50	11.53786	-50	0.7692428
50	11.53786	-50	0.7692428
50	11.53785	-50	0.769243
50	11.53784	-50	0.7692431
50	11.53784	-50	0.7692431
50	11.53784	-50	0.7692431
50	11.53783	-50	0.7692433
50	11.53783	-50	0.7692434
50	11.53783	-50	0.7692434
50	11.53783	-50	0.7692434
50	11.53782	-50	0.7692436
50	11.53782	-50	0.7692437
50	11.53782	-50	0.7692437
50	11.53782	-50	0.7692437
50	11.53781	-50	0.7692438
50	11.5378	-50	0.769244
50	11.5378	-50	0.769244
50	11.5378	-50	0.769244
50	11.5378	-50	0.7692441
50	11.53779	-50	0.7692443
50	11.53779	-50	0.7692443
50	11.53779	-50	0.7692443
50	11.53779	-50	0.7692443
50	11.53778	-50	0.7692445
50	11.53777	-50	0.7692445
50	11.53777	-50	0.7692445
50	11.53777	-50	0.7692445
50	11.53777	-50	0.7692446
50	11.53776	-50	0.7692448
50	11.53776	-50	0.7692448
50	11.53776	-50	0.7692448
50	11.53776	-50	0.7692448
50	11.53775	-50	0.7692449
50	11.53775	-50	0.7692451
50	11.53775	-50	0.7692451
50	11.53775	-50	0.7692451
50	11.53775	-50	0.7692451
50	11.53774	-50	0.7692452
50	11.53773	-50	0.7692453
50	11.53773	-50	0.7692453
50	11.53773	-50	0.7692453
50	11.53773	-50	0.7692453
50	11.53773	-50	0.7692454
50	11.53772	-50	0.7692456
50	11.53772	-50	0.7692456
50	11.53772	-50	0.7692456
50	11.53772	-50	0.7692456
50	11.53772	-50	0.7692456
50	11.53771	-50	0.7692459
50	11.53771	-50	0.7692459
50	11.53771	-50	0.7692459
50	11.53771	-50	0.7692459
50	11.53771	-50	0.7692459
50	11.5377	-50	0.769246
50	11.53769	-50	0.7692462
50	11.53769	-50	0.7692462
50	11.53769	-50	0.7692462
50	11.53769	-50	0.7692462
50	11.53769	-50	0.7692462
50	11.53768	-50	0.7692463
50	11.53768	-50	0.7692464
50	11.53768	-50	0.7692464
50	11.53768	-50	0.7692464
50	11.53768	-50	0.7692464
50	11.53768	-50	0.7692464
50	11.53767	-50	0.7692466
50	11.53767	-50	0.7692467
50	11.53767	-50	0.7692467
50	11.53767	-50	0.7692467
50	11.53767	-50	0.7692467
50	11.53767	-50	0.7692467
50	11.53766	-50	0.7692468
50	11.53765	-50	0.7692469
50	11.53765	-50	0.7692469
50	11.53765	-50	0.7692469
50	11.53765	-50	0.7692469
50	11.53765	-50	0.7692469
50	11.53765	-50	0.7692469
50	11.53764	-50	0.7692472
50	11.53764	-50	0.7692472
50	11.53764	-50	0.7692472
50	11.53764	-50	0.7692472
50	11.53764	-50	0.7692472
50	11.53764	-50	0.7692472
50	11.53764	-50	0.7692473
50	11.53762	-50	0.7692475
50	11.53762	-50	0.7692475
50	11.53762	-50	0.7692475
50	11.53762	-50	0.7692475
50	11.53762	-50	0.7692475
50	11.53762	-50	0.7692475
50	11.53762	-50	0.7692475
50	11.53761	-50	0.7692478
50	11.53761	-50	0.7692478
50	11.53761	-50	0.7692478
50	11.53761	-50	0.7692478
50	11.53761	-50	0.7692478
50	11.53761	-50	0.7692478
50	11.53761	-50	0.7692478
50	11.5376	-50	0.769248
50	11.5376	-50	0.7692481
50	11.5376	-50	0.7692481
50	11.5376	-50	0.7692481
50	11.5376	-50	0.7692481
50	11.5376	-50	0.7692481
50	11.5376	-50	0.7692481
50	11.53759	-50	0.7692481
50	11.53758	-50	0.7692483
50	11.53758	-50	0.7692483
50	11.53758	-50	0.7692483
50	11.53758	-50	0.7692483
50	11.53758	-50	0.7692483
50	11.53758	-50	0.7692483
50	11.53758	-50	0.7692483
50	11.53758	-50	0.7692485
50	11.53757	-50	0.7692486
50	11.53757	-50	0.7692486
50	11.53757	-50	0.7692486
50	11.53757	-50	0.7692486
50	11.53757	-50	0.7692486
50	11.53757	-50	0.7692486
50	11.53757	-50	0.7692486
50	11.53757	-50	0.7692487
50	11.53755	-50	0.7692489
50	11.53755	-50	0.7692489
50	11.53755	-50	0.7692489
50	11.53755	-50	0.7692489
50	11.53755	-50	0.7692489
50	11.53755	-50	0.7692489
50	11.53755	-50	0.7692489
50	11.53755	-50	0.7692489
50	11.53754	-50	0.7692491
50	11.53754	-50	0.7692492
50	11.53754	-50	0.7692492
50	11.53754	-50	0.7692492
50	11.53754	-50	0.7692492
50	11.53754	-50	0.7692492
50	11.53754	-50	0.7692492
50	11.53754	-50	0.7692492
50	11.53754	-50	0.7692492
50	11.53753	-50	0.7692494
50	11.53753	-50	0.7692495
50	11.53753	-50	0.7692495
50	11.53753	-50	0.7692495
50	11.53753	-50	0.7692495
50	11.53753	-50	0.7692495
50	11.53753	-50	0.7692495
50	11.53753	-50	0.7692495
50	11.53753	-50	0.7692495
50	11.53752	-50	0.7692497
50	11.53751	-50	0.7692498
50	11.53751	-50	0.7692498
50	11.53751	-50	0.7692498
50	11.53751	-50	0.7692498
50	11.53751	-50	0.7692498
50	11.53751	-50	0.7692498
50	11.53751	-50	0.7692498
50	11.53751	-50	0.7692498
50	11.53751	-50	0.7692498
50	11.5375	-50	0.7692501
50	11.5375	-50	0.7692501
50	11.5375	-50	0.7692501
50	11.5375	-50	0.7692501
50	11.5375	-50	0.7692501
50	11.5375	-50	0.7692501
50	11.5375	-50	0.7692501
50	11.5375	-50	0.7692501
50	11.5375	-50	0.7692501
50	11.53749	-50	0.7692502
50	11.53748	-50	0.7692504
50	11.53748	-50	0.7692504
50	11.53748	-50	0.7692504
50	11.53748	-50	0.7692504
50	11.53748	-50	0.7692504
50	11.53748	-50	0.7692504
50	11.53748	-50	0.7692504
50	11.53748	-50	0.7692504
50	11.53748	-50	0.7692504
50	11.53748	-50	0.7692504
50	11.53747	-50	0.7692506
50	11.53747	-50	0.7692507
50	11.53747	-50	0.7692507
50	11.53747	-50	0.7692507
50	11.53747	-50	0.7692507
50	11.53747	-50	0.7692507
50	11.53747	-50	0.7692507
50	11.53747	-50	0.7692507
50	11.53747	-50	0.7692507
50	11.53747	-50	0.7692507
50	11.53746	-50	0.7692508
50	11.53745	-50	0.769251
50	11.53745	-50	0.769251
50	11.53745	-50	0.769251
50	11.53745	-50	0.769251
50	11.53745	-50	0.769251
50	11.53745	-50	0.769251
50	11.53745	-50	0.769251
50	11.53745	-50	0.769251
50	11.53745	-50	0.769251
50	11.53745	-50	0.769251
50	11.53745	-50	0.769251
50	11.53744	-50	0.7692513
50	11.53743	-50	0.7692513
50	11.53743	-50	0.7692513
50	11.53743	-50	0.7692513
50	11.53743	-50	0.7692513
50	11.53743	-50	0.7692513
50	11.53743	-50	0.7692513
50	11.53743	-50	0.7692513
50	11.53743	-50	0.7692513
50	11.53743	-50	0.7692513
50	11.53743	-50	0.7692513
50	11.53743	-50	0.7692514
50	11.53742	-50	0.7692517
50	11.53742	-50	0.7692517
50	11.53742	-50	0.7692517
50	11.53742	-50	0.7692517
50	11.53742	-50	0.7692517
50	11.53742	-50	0.7692517
50	11.53742	-50	0.7692517
50	11.53742	-50	0.7692517
50	11.53742	-50	0.7692517
50	11.53742	-50	0.7692517
50	11.53742	-50	0.7692517
50	11.53742	-50	0.7692517
50	11.5374	-50	0.769252
50	11.5374	-50	0.7692521
50	11.5374	-50	0.7692521
50	11.5374	-50	0.7692521
50	11.5374	-50	0.7692521
50	11.5374	-50	0.7692521
50	11.5374	-50	0.7692521
50	11.5374	-50	0.7692521
50	11.5374	-50	0.7692521
50	11.5374	-50	0.7692521
50	11.5374	-50	0.7692521
50	11.5374	-50	0.7692521
50	11.53739	-50	0.7692521
50	11.53738	-50	0.7692524
50	11.53738	-50	0.7692524
50	11.53738	-50	0.7692524
50	11.53738	-50	0.7692524
50	11.53738	-50	0.7692524
50	11.53738	-50	0.7692524
50	11.53738	-50	0.7692524
50	11.53738	-50	0.7692524
50	11.53738	-50	0.7692524
50	11.53738	-50	0.7692524
50	11.53738	-50	0.7692524
50	11.53738	-50	0.7692524
50	11.53738	-50	0.7692524
50	11.53736	-50	0.7692528
50	11.53736	-50	0.7692528
50	11.53736	-50	0.7692528
50	11.53736	-50	0.7692528
50	11.53736	-50	0.7692528
50	11.53736	-50	0.7692528
50	11.53736	-50	0.7692528
50	11.53736	-50	0.7692528
50	11.53736	-50	0.7692528
50	11.53736	-50	0.7692528
50	11.53736	-50	0.7692528
50	11.53736	-50	0.7692528
50	11.53736	-50	0.7692528
50	11.53736	-50	0.7692528
50	11.53734	-50	0.7692531
50	11.53734	-50	0.7692531
50	11.53734	-50	0.7692531
50	11.53734	-50	0.7692531
50	11.53734	-50	0.7692531
50	11.53734	-50	0.7692531
50	11.53734	-50	0.7692531
50	11.53734	-50	0.7692531
50	11.53734	-50	0.7692531
50	11.53734	-50	0.7692531
50	11.53734	-50	0.7692531
50	11.53734	-50	0.7692531
50	11.53734	-50	0.7692531
50	11.53734	-50	0.7692531
50	11.53733	-50	0.7692534
50	11.53732	-50	0.7692535
50	11.53732	-50	0.7692535
50	11.53732	-50	0.7692535
50	11.53732	-50	0.7692535
50	11.53732	-50	0.7692535
50	11.53732	-50	0.7692535
50	11.53732	-50	0.7692535
50	11.53732	-50	0.7692535
50	11.53732	-50	0.7692535
50	11.53732	-50	0.7692535
50	11.53732	-50	0.7692535
50	11.53732	-50	0.7692535
50	11.53732	-50	0.7692535
50	11.53732	-50	0.7692535
50	11.53731	-50	0.7692538
50	11.5373	-50	0.7692539
50	11.5373	-50	0.7692539
50	11.5373	-50	0.7692539
50	11.5373	-50	0.7692539
50	11.5373	-50	0.7692539
50	11.5373	-50	0.7692539
50	11.5373	-50	0.7692539
50	11.5373	-50	0.7692539
50	11.5373	-50	0.7692539
50	11.5373	-50	0.7692539
50	11.5373	-50	0.7692539
50	11.5373	-50	0.7692539
50	11.5373	-50	0.7692539
50	11.5373	-50	0.7692539
50	11.5373	-50	0.769254
50	11.53728	-50	0.7692543
50	11.53728	-50	0.7692543
50	11.53728	-50	0.7692543
50	11.53728	-50	0.7692543
50	11.53728	-50	0.7692543
50	11.53728	-50	0.7692543
50	11.53728	-50	0.7692543
50	11.53728	-50	0.7692543
50	11.53728	-50	0.7692543
50	11.53728	-50	0.7692543
50	11.53728	-50	0.7692543
50	11.53728	-50	0.7692543
50	11.53728	-50	0.7692543
50	11.53728	-50	0.7692543
50	11.53728	-50	0.7692543
50	11.53728	-50	0.7692543
50	11.53727	-50	0.7692547
50	11.53726	-50	0.7692547
50	11.53726	-50	0.7692547
50	11.53726	-50	0.7692547
50	11.53726	-50	0.7692547
50	11.53726	-50	0.7692547
50	11.53726	-50	0.7692547
50	11.53726	-50	0.7692547
50	11.53726	-50	0.7692547
50	11.53726	-50	0.7692547
50	11.53726	-50	0.7692547
50	11.53726	-50	0.7692547
50	11.53726	-50	0.7692547
50	11.53726	-50	0.7692547
50	11.53726	-50	0.7692547
50	11.53726	-50	0.7692547
50	11.53726	-50	0.7692547
50	11.53725	-50	0.7692551
50	11.53724	-50	0.7692552
50	11.53724	-50	0.7692552
50	11.53724	-50	0.7692552
50	11.53724	-50	0.7692552
50	11.53724	-50	0.7692552
50	11.53724	-50	0.7692552
50	11.53724	-50	0.7692552
50	11.53724	-50	0.7692552
50	11.53724	-50	0.7692552
50	11.53724	-50	0.7692552
50	11.53724	-50	0.7692552
50	11.53724	-50	0.7692552
50	11.53724	-50	0.7692552
50	11.53724	-50	0.7692552
50	11.53724	-50	0.7692552
50	11.53724	-50	0.7692552
50	11.53724	-50	0.7692552
50	11.53722	-50	0.7692556
50	11.53722	-50	0.7692556
50	11.53722	-50	0.7692556
50	11.53722	-50	0.7692556
50	11.53722	-50	0.7692556
50	11.53722	-50	0.7692556
50	11.53722	-50	0.7692556
50	11.53722	-50	0.7692556
50	11.53722	-50	0.7692556
50	11.53722	-50	0.7692556
50	11.53722	-50	0.7692556
50	11.53722	-50	0.7692556
50	11.53722	-50	0.7692556
50	11.53722	-50	0.7692556
50	11.53722	-50	0.7692556
50	11.53722	-50	0.7692556
50	11.53722	-50	0.7692556
50	11.53722	-50	0.7692556
50	11.53721	-50	0.7692558
50	11.5372	-50	0.7692561
50	11.5372	-50	0.7692561
50	11.5372	-50	0.7692561
50	11.5372	-50	0.7692561
50	11.5372	-50	0.7692561
50	11.5372	-50	0.7692561
50	11.5372	-50	0.7692561
50	11.5372	-50	0.7692561
50	11.5372	-50	0.7692561
50	11.5372	-50	0.7692561
50	11.5372	-50	0.7692561
50	11.5372	-50	0.7692561
50	11.5372	-50	0.7692561
50	11.5372	-50	0.7692561
50	11.5372	-50	0.7692561
50	11.5372	-50	0.7692561
50	11.5372	-50	0.7692561
50	11.5372	-50	0.7692561
50	11.53719	-50	0.7692562
50	11.53717	-50	0.7692565
50	11.53717	-50	0.7692565
50	11.53717	-50	0.7692565
50	11.53717	-50	0.7692565
50	11.53717	-50	0.7692565
50	11.53717	-50	0.7692565
50	11.53717	-50	0.7692565
50	11.53717	-50	0.7692565
50	11.53717	-50	0.7692565
50	11.53717	-50	0.7692565
50	11.53717	-50	0.7692565
50	11.53717	-50	0.7692565
50	11.53717	-50	0.7692565
50	11.53717	-50	0.7692565
50	11.53717	-50	0.7692565
50	11.53717	-50	0.7692565
50	11.53717	-50	0.7692565
50	11.53717	-50	0.7692565
50	11.53717	-50	0.7692565
50	11.53716	-50	0.7692567
50	11.53715	-50	0.769257
50	11.53715	-50	0.769257
50	11.53715	-50	0.769257
50	11.53715	-50	0.769257
50	11.53715	-50	0.769257
50	11.53715	-50	0.769257
50	11.53715	-50	0.769257
50	11.53715	-50	0.769257
50	11.53715	-50	0.769257
50	11.53715	-50	0.769257
50	11.53715	-50	0.769257
50	11.53715	-50	0.769257
50	11.53715	-50	0.769257
50	11.53715	-50	0.769257
50	11.53715	-50	0.769257
50	11.53715	-50	0.769257
50	11.53715	-50	0.769257
50	11.53715	-50	0.769257
50	11.53715	-50	0.769257
50	11.53715	-50	0.769257
50	11.53713	-50	0.7692574
50	11.53713	-50	0.7692575
50	11.53713	-50	0.7692575
50	11.53713	-50	0.7692575
50	11.53713	-50	0.7692575
50	11.53713	-50	0.7692575
50	11.53713	-50	0.7692575
50	11.53713	-50	0.7692575
50	11.53713	-50	0.7692575
50	11.53713	-50	0.7692575
50	11.53713	-50	0.7692575
50	11.53713	-50	0.7692575
50	11.53713	-50	0.7692575
50	11.53713	-50	0.7692575
50	11.53713	-50	0.7692575
50	11.53713	-50	0.7692575
50	11.53713	-50	0.7692575
50	11.53713	-50	0.7692575
50	11.53713	-50	0.7692575
50	11.53713	-50	0.7692575
50	11.53713	-50	0.7692575
50	11.53711	-50	0.7692578
50	11.5371	-50	0.769258
50	11.5371	-50	0.769258
50	11.5371	-50	0.769258
50	11.5371	-50	0.769258
50	11.5371	-50	0.769258
50	11.5371	-50	0.769258
50	11.5371	-50	0.769258
50	11.5371	-50	0.769258
50	11.5371	-50	0.769258
50	11.5371	-50	0.769258
50	11.5371	-50	0.769258
50	11.5371	-50	0.769258
50	11.5371	-50	0.769258
50	11.5371	-50	0.769258
50	11.5371	-50	0.769258
50	11.5371	-50	0.769258
50	11.5371	-50	0.769258
50	11.5371	-50	0.769258
50	11.5371	-50	0.769258
50	11.5371	-50	0.769258
50	11.5371	-50	0.769258
50	11.53709	-50	0.7692582
50	11.53708	-50	0.7692584
50	11.53708	-50	0.7692584
50	11.53708	-50	0.7692584
50	11.53708	-50	0.7692584
50	11.53708	-50	0.7692584
50	11.53708	-50	0.7692584
50	11.53708	-50	0.7692584
50	11.53708	-50	0.7692584
50	11.53708	-50	0.7692584
50	11.53708	-50	0.7692584
50	11.53708	-50	0.7692584
50	11.53708	-50	0.7692584
50	11.53708	-50	0.7692584
50	11.53708	-50	0.7692584
50	11.53708	-50	0.7692584
50	11.53708	-50	0.7692584
50	11.53708	-50	0.7692584
50	11.53708	-50	0.7692584
50	11.53708	-50	0.7692584
50	11.53708	-50	0.7692584
50	11.53708	-50	0.7692584
50	11.53708	-50	0.7692584
50	11.53706	-50	0.7692588
50	11.53705	-50	0.769259
50	11.53705	-50	0.769259
50	11.53705	-50	0.769259
50	11.53705	-50	0.769259
50	11.53705	-50	0.769259
50	11.53705	-50	0.769259
50	11.53705	-50	0.769259
50	11.53705	-50	0.769259
50	11.53705	-50	0.769259
50	11.53705	-50	0.769259
50	11.53705	-50	0.769259
50	11.53705	-50	0.769259
50	11.53705	-50	0.769259
50	11.53705	-50	0.769259
50	11.53705	-50	0.769259
50	11.53705	-50	0.769259
50	11.53705	-50	0.769259
50	11.53705	-50	0.769259
50	11.53705	-50	0.769259
50	11.53705	-50	0.769259
50	11.53705	-50	0.769259
50	11.53705	-50	0.769259
50	11.53705	-50	0.769259
50	11.53703	-50	0.7692595
50	11.53702	-50	0.7692595
50	11.53702	-50	0.7692595
50	11.53702	-50	0.7692595
50	11.53702	-50	0.7692595
50	11.53702	-50	0.7692595
50	11.53702	-50	0.7692595
50	11.53702	-50	0.7692595
50	11.53702	-50	0.7692595
50	11.53702	-50	0.7692595
50	11.53702	-50	0.7692595
50	11.53702	-50	0.7692595
50	11.53702	-50	0.7692595
50	11.53702	-50	0.7692595
50	11.53702	-50	0.7692595
50	11.53702	-50	0.7692595
50	11.53702	-50	0.7692595
50	11.53702	-50	0.7692595
50	11.53702	-50	0.7692595
50	11.53702	-50	0.7692595
50	11.53702	-50	0.7692595
50	11.53702	-50	0.7692595
50	11.53702	-50	0.7692595
50	11.53702	-50	0.7692595
50	11.53701	-50	0.7692597
50	11.537	-50	0.76926
50	11.537	-50	0.76926
50	11.537	-50	0.76926
50	11.537	-50	0.76926
50	11.537	-50	0.76926
50	11.537	-50	0.76926
50	11.537	-50	0.76926
50	11.537	-50	0.76926
50	11.537	-50	0.76926
50	11.537	-50	0.76926
50	11.537	-50	0.76926
50	11.537	-50	0.76926
50	11.537	-50	0.76926
50	11.537	-50	0.76926
50	11.537	-50	0.76926
50	11.537	-50	0.76926
50	11.537	-50	0.76926
50	11.537	-50	0.76926
50	11.537	-50	0.76926
50	11.537	-50	0.76926
50	11.537	-50	0.76926
50	11.537	-50	0.76926
50	11.537	-50	0.76926
50	11.537	-50	0.76926
50	11.537	-50	0.76926
50	11.53697	-50	0.7692606
50	11.53697	-50	0.7692606
50	11.53697	-50	0.7692606
50	11.53697	-50	0.7692606
50	11.53697	-50	0.7692606
50	11.53697	-50	0.7692606
50	11.53697	-50	0.7692606
50	11.53697	-50	0.7692606
50	11.53697	-50	0.7692606
50	11.53697	-50	0.7692606
50	11.53697	-50	0.7692606
50	11.53697	-50	0.7692606
50	11.53697	-50	0.7692606
50	11.53697	-50	0.7692606
50	11.53697	-50	0.7692606
50	11.53697	-50	0.7692606
50	11.53697	-50	0.7692606
50	11.53697	-50	0.7692606
50	11.53697	-50	0.7692606
50	11.53697	-50	0.7692606
50	11.53697	-50	0.7692606
50	11.53697	-50	0.7692606
50	11.53697	-50	0.7692606
50	11.53697	-50	0.7692606
50	11.53697	-50	0.7692606
50	11.53697	-50	0.7692606
50	11.53695	-50	0.7692609
50	11.53694	-50	0.7692612
50	11.53694	-50	0.7692612
50	11.53694	-50	0.7692612
50	11.53694	-50	0.7692612
50	11.53694	-50	0.7692612
50	11.53694	-50	0.7692612
50	11.53694	-50	0.7692612
50	11.53694	-50	0.7692612
50	11.53694	-50	0.7692612
50	11.53694	-50	0.7692612
50	11.53694	-50	0.7692612
50	11.53694	-50	0.7692612
50	11.53694	-50	0.7692612
50	11.53694	-50	0.7692612
50	11.53694	-50	0.7692612
50	11.53694	-50	0.7692612
50	11.53694	-50	0.7692612
50	11.53694	-50	0.7692612
50	11.53694	-50	0.7692612
50	11.53694	-50	0.7692612
50	11.53694	-50	0.7692612
50	11.53694	-50	0.7692612
50	11.53694	-50	0.7692612
50	11.53694	-50	0.7692612
50	11.53694	-50	0.7692612
50	11.53694	-50	0.7692612
50	11.53693	-50	0.7692613
50	11.53691	-50	0.7692618
50	11.53691	-50	0.7692618
50	11.53691	-50	0.7692618
50	11.53691	-50	0.7692618
50	11.53691	-50	0.7692618
50	11.53691	-50	0.7692618
50	11.53691	-50	0.7692618
50	11.53691	-50	0.7692618
50	11.53691	-50	0.7692618
50	11.53691	-50	0.7692618
50	11.53691	-50	0.7692618
50	11.53691	-50	0.7692618
50	11.53691	-50	0.7692618
50	11.53691	-50	0.7692618
50	11.53691	-50	0.7692618
50	11.53691	-50	0.7692618
50	11.53691	-50	0.7692618
50	11.53691	-50	0.7692618
50	11.53691	-50	0.7692618
50	11.53691	-50	0.7692618
50	11.53691	-50	0.7692618
50	11.53691	-50	0.7692618
50	11.53691	-50	0.7692618
50	11.53691	-50	0.7692618
50	11.53691	-50	0.7692618
50	11.53691	-50	0.7692618
50	11.53691	-50	0.7692618
50	11.53691	-50	0.7692618
50	11.53689	-50	0.7692623
50	11.53688	-50	0.7692624
50	11.53688	-50	0.7692624
50	11.53688	-50	0.7692624
50	11.53688	-50	0.7692624
50	11.53688	-50	0.7692624
50	11.53688	-50	0.7692624
50	11.53688	-50	0.7692624
50	11.53688	-50	0.7692624
50	11.53688	-50	0.7692624
50	11.53688	-50	0.7692624
50	11.53688	-50	0.7692624
50	11.53688	-50	0.7692624
50	11.53688	-50	0.7692624
50	11.53688	-50	0.7692624
50	11.53688	-50	0.7692624
50	11.53688	-50	0.7692624
50	11.53688	-50	0.7692624
50	11.53688	-50	0.7692624
50	11.53688	-50	0.7692624
50	11.53688	-50	0.7692624
50	11.53688	-50	0.7692624
50	11.53688	-50	0.7692624
50	11.53688	-50	0.7692624
50	11.53688	-50	0.7692624
50	11.53688	-50	0.7692624
50	11.53688	-50	0.7692624
50	11.53688	-50	0.7692624
50	11.53688	-50	0.7692624
50	11.53687	-50	0.7692627
50	11.53685	-50	0.769263
50	11.53685	-50	0.769263
50	11.53685	-50	0.769263
50	11.53685	-50	0.769263
50	11.53685	-50	0.769263
50	11.53685	-50	0.769263
50	11.53685	-50	0.769263
50	11.53685	-50	0.769263
50	11.53685	-50	0.769263
50	11.53685	-50	0.769263
50	11.53685	-50	0.769263
50	11.53685	-50	0.769263
50	11.53685	-50	0.769263
50	11.53685	-50	0.769263
50	11.53685	-50	0.769263
50	11.53685	-50	0.769263
50	11.53685	-50	0.769263
50	11.53685	-50	0.769263
50	11.53685	-50	0.769263
50	11.53685	-50	0.769263
50	11.53685	-50	0.769263
50	11.53685	-50	0.769263
50	11.53685	-50	0.769263
50	11.53685	-50	0.769263
50	11.53685	-50	0.769263
50	11.53685	-50	0.769263
50	11.53685	-50	0.769263
50	11.53685	-50	0.769263
50	11.53685	-50	0.769263
50	11.53685	-50	0.769263
50	11.53682	-50	0.7692636
50	11.53682	-50	0.7692636
50	11.53682	-50	0.7692636
50	11.53682	-50	0.7692636
50	11.53682	-50	0.7692636
50	11.53682	-50	0.7692636
50	11.53682	-50	0.7692636
50	11.53682	-50	0.7692636
50	11.53682	-50	0.7692636
50	11.53682	-50	0.7692636
50	11.53682	-50	0.7692636
50	11.53682	-50	0.7692636
50	11.53682	-50	0.7692636
50	11.53682	-50	0.7692636
50	11.53682	-50	0.7692636
50	11.53682	-50	0.7692636
50	11.53682	-50	0.7692636
50	11.53682	-50	0.7692636
50	11.53682	-50	0.7692636
50	11.53682	-50	0.7692636
50	11.53682	-50	0.7692636
50	11.53682	-50	0.7692636
50	11.53682	-50	0.7692636
50	11.53682	-50	0.7692636
50	11.53682	-50	0.7692636
50	11.53682	-50	0.7692636
50	11.53682	-50	0.7692636
50	11.53682	-50	0.7692636
50	11.53682	-50	0.7692636
50	11.53682	-50	0.7692636
50	11.53682	-50	0.7692636
50	11.53681	-50	0.7692639
50	11.53679	-50	0.7692643
50	11.53679	-50	0.7692643
50	11.53679	-50	0.7692643
50	11.53679	-50	0.7692643
50	11.53679	-50	0.7692643
50	11.53679	-50	0.7692643
50	11.53679	-50	0.7692643
50	11.53679	-50	0.7692643
50	11.53679	-50	0.7692643
50	11.53679	-50	0.7692643
50	11.53679	-50	0.7692643
50	11.53679	-50	0.7692643
50	11.53679	-50	0.7692643
50	11.53679	-50	0.7692643
50	11.53679	-50	0.7692643
50	11.53679	-50	0.7692643
50	11.53679	-50	0.7692643
50	11.53679	-50	0.7692643
50	11.53679	-50	0.7692643
50	11.53679	-50	0.7692643
50	11.53679	-50	0.7692643
50	11.53679	-50	0.7692643
50	11.53679	-50	0.7692643
50	11.53679	-50	0.7692643
50	11.53679	-50	0.7692643
50	11.53679	-50	0.7692643
50	11.53679	-50	0.7692643
50	11.53679	-50	0.7692643
50	11.53679	-50	0.7692643
50	11.53679	-50	0.7692643
50	11.53679	-50	0.7692643
50	11.53679	-50	0.7692643
50	11.53677	-50	0.7692646
50	11.53675	-50	0.7692649
50	11.53675	-50	0.7692649
50	11.53675	-50	0.7692649
50	11.53675	-50	0.7692649
50	11.53675	-50	0.7692649
50	11.53675	-50	0.7692649
50	11.53675	-50	0.7692649
50	11.53675	-50	0.7692649
50	11.53675	-50	0.7692649
50	11.53675	-50	0.7692649
50	11.53675	-50	0.7692649
50	11.53675	-50	0.7692649
50	11.53675	-50	0.7692649
50	11.53675	-50	0.7692649
50	11.53675	-50	0.7692649
50	11.53675	-50	0.7692649
50	11.53675	-50	0.7692649
50	11.53675	-50	0.7692649
50	11.53675	-50	0.7692649
50	11.53675	-50	0.7692649
50	11.53675	-50	0.7692649
50	11.53675	-50	0.7692649
50	11.53675	-50	0.7692649
50	11.53675	-50	0.7692649
50	11.53675	-50	0.7692649
50	11.53675	-50	0.7692649
50	11.53675	-50	0.7692649
50	11.53675	-50	0.7692649
50	11.53675	-50	0.7692649
50	11.53675	-50	0.7692649
50	11.53675	-50	0.7692649
50	11.53675	-50	0.7692649
50	11.53675	-50	0.7692649
50	11.53673	-50	0.7692654
50	11.53672	-50	0.7692656
50	11.53672	-50	0.7692656
50	11.53672	-50	0.7692656
50	11.53672	-50	0.7692656
50	11.53672	-50	0.7692656
50	11.53672	-50	0.7692656
50	11.53672	-50	0.7692656
50	11.53672	-50	0.7692656
50	11.53672	-50	0.7692656
50	11.53672	-50	0.7692656
50	11.53672	-50	0.7692656
50	11.53672	-50	0.7692656
50	11.53672	-50	0.7692656
50	11.53672	-50	0.7692656
50	11.53672	-50	0.7692656
50	11.53672	-50	0.7692656
50	11.53672	-50	0.7692656
50	11.53672	-50	0.7692656
50	11.53672	-50	0.7692656
50	11.53672	-50	0.7692656
50	11.53672	-50	0.7692656
50	11.53672	-50	0.7692656
50	11.53672	-50	0.7692656
50	11.53672	-50	0.7692656
50	11.53672	-50	0.7692656
50	11.53672	-50	0.7692656
50	11.53672	-50	0.7692656
50	11.53672	-50	0.7692656
50	11.53672	-50	0.7692656
50	11.53672	-50	0.7692656
50	11.53672	-50	0.7692656
50	11.53672	-50	0.7692656
50	11.53672	-50	0.7692656
50	11.53672	-50	0.7692656
50	11.53671	-50	0.7692658
50	11.53669	-50	0.7692663
50	11.53669	-50	0.7692663
50	11.53669	-50	0.7692663
50	11.53669	-50	0.7692663
50	11.53669	-50	0.7692663
50	11.53669	-50	0.7692663
50	11.53669	-50	0.7692663
50	11.53669	-50	0.7692663
50	11.53669	-50	0.7692663
50	11.53669	-50	0.7692663
50	11.53669	-50	0.7692663
50	11.53669	-50	0.7692663
50	11.53669	-50	0.7692663
50	11.53669	-50	0.7692663
50	11.53669	-50	0.7692663
50	11.53669	-50	0.7692663
50	11.53669	-50	0.7692663
50	11.53669	-50	0.7692663
50	11.53669	-50	0.7692663
50	11.53669	-50	0.7692663
50	11.53669	-50	0.7692663
50	11.53669	-50	0.7692663
50	11.53669	-50	0.7692663
50	11.53669	-50	0.7692663
50	11.53669	-50	0.7692663
50	11.53669	-50	0.7692663
50	11.53669	-50	0.7692663
50	11.53669	-50	0.7692663
50	11.53669	-50	0.7692663
50	11.53669	-50	0.7692663
50	11.53669	-50	0.7692663
50	11.53669	-50	0.7692663
50	11.53669	-50	0.7692663
50	11.53669	-50	0.7692663
50	11.53669	-50	0.7692663
50	11.53669	-50	0.7692663
50	11.53666	-50	0.7692668
50	11.53665	-50	0.769267
50	11.53665	-50	0.769267
50	11.53665	-50	0.769267
50	11.53665	-50	0.769267
50	11.53665	-50	0.769267
50	11.53665	-50	0.769267
50	11.53665	-50	0.769267
50	11.53665	-50	0.769267
50	11.53665	-50	0.769267
50	11.53665	-50	0.769267
50	11.53665	-50	0.769267
50	11.53665	-50	0.769267
50	11.53665	-50	0.769267
50	11.53665	-50	0.769267
50	11.53665	-50	0.769267
50	11.53665	-50	0.769267
50	11.53665	-50	0.769267
50	11.53665	-50	0.769267
50	11.53665	-50	0.769267
50	11.53665	-50	0.769267
50	11.53665	-50	0.769267
50	11.53665	-50	0.769267
50	11.53665	-50	0.769267
50	11.53665	-50	0.769267
50	11.53665	-50	0.769267
50	11.53665	-50	0.769267
50	11.53665	-50	0.769267
50	11.53665	-50	0.769267
50	11.53665	-50	0.769267
50	11.53665	-50	0.769267
50	11.53665	-50	0.769267
50	11.53665	-50	0.769267
50	11.53665	-50	0.769267
50	11.53665	-50	0.769267
50	11.53665	-50	0.769267
50	11.53665	-50	0.769267
50	11.53665	-50	0.769267
50	11.53662	-50	0.7692676
50	11.53661	-50	0.7692677
50	11.53661	-50	0.7692677
50	11.53661	-50	0.7692677
50	11.53661	-50	0.7692677
50	11.53661	-50	0.7692677
50	11.53661	-50	0.7692677
50	11.53661	-50	0.7692677
50	11.53661	-50	0.7692677
50	11.53661	-50	0.7692677
50	11.53661	-50	0.7692677
50	11.53661	-50	0.7692677
50	11.53661	-50	0.7692677
50	11.53661	-50	0.7692677
50	11.53661	-50	0.7692677
50	11.53661	-50	0.7692677
50	11.53661	-50	0.7692677
50	11.53661	-50	0.7692677
50	11.53661	-50	0.7692677
50	11.53661	-50	0.7692677
50	11.53661	-50	0.7692677
50	11.53661	-50	0.7692677
50	11.53661	-50	0.7692677
50	11.53661	-50	0.7692677
50	11.53661	-50	0.7692677
50	11.53661	-50	0.7692677
50	11.53661	-50	0.7692677
50	11.53661	-50	0.7692677
50	11.53661	-50	0.7692677
50	11.53661	-50	0.7692677
50	11.53661	-50	0.7692677
50	11.53661	-50	0.7692677
50	11.53661	-50	0.7692677
50	11.53661	-50	0.7692677
50	11.53661	-50	0.7692677
50	11.53661	-50	0.7692677
50	11.53661	-50	0.7692677
50	11.53661	-50	0.7692677
50	11.53661	-50	0.7692677
50	11.5366	-50	0.769268
50	11.53658	-50	0.7692685
50	11.53658	-50	0.7692685
50	11.53658	-50	0.7692685
50	11.53658	-50	0.7692685
50	11.53658	-50	0.7692685
50	11.53658	-50	0.7692685
50	11.53658	-50	0.7692685
50	11.53658	-50	0.7692685
50	11.53658	-50	0.7692685
50	11.53658	-50	0.7692685
50	11.53658	-50	0.7692685
50	11.53658	-50	0.7692685
50	11.53658	-50	0.7692685
50	11.53658	-50	0.7692685
50	11.53658	-50	0.7692685
50	11.53658	-50	0.7692685
50	11.53658	-50	0.7692685
50	11.53658	-50	0.7692685
50	11.53658	-50	0.7692685
50	11.53658	-50	0.7692685
50	11.53658	-50	0.7692685
50	11.53658	-50	0.7692685
50	11.53658	-50	0.7692685
50	11.53658	-50	0.7692685
50	11.53658	-50	0.7692685
50	11.53658	-50	0.7692685
50	11.53658	-50	0.7692685
50	11.53658	-50	0.7692685
50	11.53658	-50	0.7692685
50	11.53658	-50	0.7692685
50	11.53658	-50	0.7692685
50	11.53658	-50	0.7692685
50	11.53658	-50	0.7692685
50	11.53658	-50	0.7692685
50	11.53658	-50	0.7692685
50	11.53658	-50	0.7692685
50	11.53658	-50	0.7692685
50	11.53658	-50	0.7692685
50	11.53658	-50	0.7692685
50	11.53658	-50	0.7692685
50	11.53656	-50	0.7692689
50	11.53654	-50	0.7692692
50	11.53654	-50	0.7692692
50	11.53654	-50	0.7692692
50	11.53654	-50	0.7692692
50	11.53654	-50	0.7692692
50	11.53654	-50	0.7692692
50	11.53654	-50	0.7692692
50	11.53654	-50	0.7692692
50	11.53654	-50	0.7692692
50	11.53654	-50	0.7692692
50	11.53654	-50	0.7692692
50	11.53654	-50	0.7692692
50	11.53654	-50	0.7692692
50	11.53654	-50	0.7692692
50	11.53654	-50	0.7692692
50	11.53654	-50	0.7692692
50	11.53654	-50	0.7692692
50	11.53654	-50	0.7692692
50	11.53654	-50	0.7692692
50	11.53654	-50	0.7692692
50	11.53654	-50	0.7692692
50	11.53654	-50	0.7692692
50	11.53654	-50	0.7692692
50	11.53654	-50	0.7692692
50	11.53654	-50	0.7692692
50	11.53654	-50	0.7692692
50	11.53654	-50	0.7692692
50	11.53654	-50	0.7692692
50	11.53654	-50	0.7692692
50	11.53654	-50	0.7692692
50	11.53654	-50	0.7692692
50	11.53654	-50	0.7692692
50	11.53654	-50	0.7692692
50	11.53654	-50	0.7692692
50	11.53654	-50	0.7692692
50	11.53654	-50	0.7692692
50	11.53654	-50	0.7692692
50	11.53654	-50	0.7692692
50	11.53654	-50	0.7692692
50	11.53654	-50	0.7692692
50	11.53654	-50	0.7692692
50	11.53653	-50	0.7692693
50	11.5365	-50	0.76927
50	11.5365	-50	0.76927
50	11.5365	-50	0.76927
50	11.5365	-50	0.76927
50	11.5365	-50	0.76927
50	11.5365	-50	0.76927
50	11.5365	-50	0.76927
50	11.5365	-50	0.76927
50	11.5365	-50	0.76927
50	11.5365	-50	0.76927
50	11.5365	-50	0.76927
50	11.5365	-50	0.76927
50	11.5365	-50	0.76927
50	11.5365	-50	0.76927
50	11.5365	-50	0.76927
50	11.5365	-50	0.76927
50	11.5365	-50	0.76927
50	11.5365	-50	0.76927
50	11.5365	-50	0.76927
50	11.5365	-50	0.76927
50	11.5365	-50	0.76927
50	11.5365	-50	0.76927
50	11.5365	-50	0.76927
50	11.5365	-50	0.76927
50	11.5365	-50	0.76927
50	11.5365	-50	0.76927
50	11.5365	-50	0.76927
50	11.5365	-50	0.76927
50	11.5365	-50	0.76927
50	11.5365	-50	0.76927
50	11.5365	-50	0.76927
50	11.5365	-50	0.76927
50	11.5365	-50	0.76927
50	11.5365	-50	0.76927
50	11.5365	-50	0.76927
50	11.5365	-50	0.76927
50	11.5365	-50	0.76927
50	11.5365	-50	0.76927
50	11.5365	-50	0.76927
50	11.5365	-50	0.76927
50	11.5365	-50	0.76927
50	11.5365	-50	0.76927
50	11.5365	-50	0.76927
50	11.5365	-50	0.7692701
50	11.53646	-50	0.7692708
50	11.53646	-50	0.7692708
50	11.53646	-50	0.7692708
50	11.53646	-50	0.7692708
50	11.53646	-50	0.7692708
50	11.53646	-50	0.7692708
50	11.53646	-50	0.7692708
50	11.53646	-50	0.7692708
50	11.53646	-50	0.7692708
50	11.53646	-50	0.7692708
50	11.53646	-50	0.7692708
50	11.53646	-50	0.7692708
50	11.53646	-50	0.7692708
50	11.53646	-50	0.7692708
50	11.53646	-50	0.7692708
50	11.53646	-50	0.7692708
50	11.53646	-50	0.7692708
50	11.53646	-50	0.7692708
50	11.53646	-50	0.7692708
50	11.53646	-50	0.7692708
50	11.53646	-50	0.7692708
50	11.53646	-50	0.7692708
50	11.53646	-50	0.7692708
50	11.53646	-50	0.7692708
50	11.53646	-50	0.7692708
50	11.53646	-50	0.7692708
50	11.53646	-50	0.7692708
50	11.53646	-50	0.7692708
50	11.53646	-50	0.7692708
50	11.53646	-50	0.7692708
50	11.53646	-50	0.7692708
50	11.53646	-50	0.7692708
50	11.53646	-50	0.7692708
50	11.53646	-50	0.7692708
50	11.53646	-50	0.7692708
50	11.53646	-50	0.7692708
50	11.53646	-50	0.7692708
50	11.53646	-50	0.7692708
50	11.53646	-50	0.7692708
50	11.53646	-50	0.7692708
50	11.53646	-50	0.7692708
50	11.53646	-50	0.7692708
50	11.53646	-50	0.7692708
50	11.53646	-50	0.7692708
50	11.53646	-50	0.7692708
50	11.53645	-50	0.7692711
50	11.53642	-50	0.7692716
50	11.53642	-50	0.7692716
50	11.53642	-50	0.7692716
50	11.53642	-50	0.7692716
50	11.53642	-50	0.7692716
50	11.53642	-50	0.7692716
50	11.53642	-50	0.7692716
50	11.53642	-50	0.7692716
50	11.53642	-50	0.7692716
50	11.53642	-50	0.7692716
50	11.53642	-50	0.7692716
50	11.53642	-50	0.7692716
50	11.53642	-50	0.7692716
50	11.53642	-50	0.7692716
50	11.53642	-50	0.7692716
50	11.53642	-50	0.7692716
50	11.53642	-50	0.7692716
50	11.53642	-50	0.7692716
50	11.53642	-50	0.7692716
50	11.53642	-50	0.7692716
50	11.53642	-50	0.7692716
50	11.53642	-50	0.7692716
50	11.53642	-50	0.7692716
50	11.53642	-50	0.7692716
50	11.53642	-50	0.7692716
50	11.53642	-50	0.7692716
50	11.53642	-50	0.7692716
50	11.53642	-50	0.7692716
50	11.53642	-50	0.7692716
50	11.53642	-50	0.7692716
50	11.53642	-50	0.7692716
50	11.53642	-50	0.7692716
50	11.53642	-50	0.7692716
50	11.53642	-50	0.7692716
50	11.53642	-50	0.7692716
50	11.53642	-50	0.7692716
50	11.53642	-50	0.7692716
50	11.53642	-50	0.7692716
50	11.53642	-50	0.7692716
50	11.53642	-50	0.7692716
50	11.53642	-50	0.7692716
50	11.53642	-50	0.7692716
50	11.53642	-50	0.7692716
50	11.53642	-50	0.7692716
50	11.53642	-50	0.7692716
50	11.53642	-50	0.7692716
50	11.53642	-50	0.7692716
50	11.53638	-50	0.7692723
50	11.53638	-50	0.7692724
50	11.53638	-50	0.7692724
50	11.53638	-50	0.7692724
50	11.53638	-50	0.7692724
50	11.53638	-50	0.7692724
50	11.53638	-50	0.7692724
50	11.53638	-50	0.7692724
50	11.53638	-50	0.7692724
50	11.53638	-50	0.7692724
50	11.53638	-50	0.7692724
50	11.53638	-50	0.7692724
50	11.53638	-50	0.7692724
50	11.53638	-50	0.7692724
50	11.53638	-50	0.7692724
50	11.53638	-50	0.7692724
50	11.53638	-50	0.7692724
50	11.53638	-50	0.7692724
50	11.53638	-50	0.7692724
50	11.53638	-50	0.7692724
50	11.53638	-50	0.7692724
50	11.53638	-50	0.7692724
50	11.53638	-50	0.7692724
50	11.53638	-50	0.7692724
50	11.53638	-50	0.7692724
50	11.53638	-50	0.7692724
50	11.53638	-50	0.7692724
50	11.53638	-50	0.7692724
50	11.53638	-50	0.7692724
50	11.53638	-50	0.7692724
50	11.53638	-50	0.7692724
50	11.53638	-50	0.7692724
50	11.53638	-50	0.7692724
50	11.53638	-50	0.7692724
50	11.53638	-50	0.7692724
50	11.53638	-50	0.7692724
50	11.53638	-50	0.7692724
50	11.53638	-50	0.7692724
50	11.53638	-50	0.7692724
50	11.53638	-50	0.7692724
50	11.53638	-50	0.7692724
50	11.53638	-50	0.7692724
50	11.53638	-50	0.7692724
50	11.53638	-50	0.7692724
50	11.53638	-50	0.7692724
50	11.53638	-50	0.7692724
50	11.53638	-50	0.7692724
50	11.53638	-50	0.7692724
50	11.53638	-50	0.7692724
50	11.53636	-50	0.7692729
50	11.53633	-50	0.7692733
50	11.53633	-50	0.7692733
50	11.53633	-50	0.7692733
50	11.53633	-50	0.7692733
50	11.53633	-50	0.7692733
50	11.53633	-50	0.7692733
50	11.53633	-50	0.7692733
50	11.53633	-50	0.7692733
50	11.53633	-50	0.7692733
50	11.53633	-50	0.7692733
50	11.53633	-50	0.7692733
50	11.53633	-50	0.7692733
50	11.53633	-50	0.7692733
50	11.53633	-50	0.7692733
50	11.53633	-50	0.7692733
50	11.53633	-50	0.7692733
50	11.53633	-50	0.7692733
50	11.53633	-50	0.7692733
50	11.53633	-50	0.7692733
50	11.53633	-50	0.7692733
50	11.53633	-50	0.7692733
50	11.53633	-50	0.7692733
50	11.53633	-50	0.7692733
50	11.53633	-50	0.7692733
50	11.53633	-50	0.7692733
50	11.53633	-50	0.7692733
50	11.53633	-50	0.7692733
50	11.53633	-50	0.7692733
50	11.53633	-50	0.7692733
50	11.53633	-50	0.7692733
50	11.53633	-50	0.7692733
50	11.53633	-50	0.7692733
50	11.53633	-50	0.7692733
50	11.53633	-50	0.7692733
50	11.53633	-50	0.7692733
50	11.53633	-50	0.7692733
50	11.53633	-50	0.7692733
50	11.53633	-50	0.7692733
50	11.53633	-50	0.7692733
50	11.53633	-50	0.7692733
50	11.53633	-50	0.7692733
50	11.53633	-50	0.7692733
50	11.53633	-50	0.7692733
50	11.53633	-50	0.7692733
50	11.53633	-50	0.7692733
50	11.53633	-50	0.7692733
50	11.53633	-50	0.7692733
50	11.53633	-50	0.7692733
50	11.53633	-50	0.7692733
50	11.53633	-50	0.7692733
50	11.53633	-50	0.7692735
50	11.53629	-50	0.7692742
50	11.53629	-50	0.7692742
50	11.53629	-50	0.7692742
50	11.53629	-50	0.7692742
50	11.53629	-50	0.7692742
50	11.53629	-50	0.7692742
50	11.53629	-50	0.7692742
50	11.53629	-50	0.7692742
50	11.53629	-50	0.7692742
50	11.53629	-50	0.7692742
50	11.53629	-50	0.7692742
50	11.53629	-50	0.7692742
50	11.53629	-50	0.7692742
50	11.53629	-50	0.7692742
50	11.53629	-50	0.7692742
50	11.53629	-50	0.7692742
50	11.53629	-50	0.7692742
50	11.53629	-50	0.7692742
50	11.53629	-50	0.7692742
50	11.53629	-50	0.7692742
50	11.53629	-50	0.7692742
50	11.53629	-50	0.7692742
50	11.53629	-50	0.7692742
50	11.53629	-50	0.7692742
50	11.53629	-50	0.7692742
50	11.53629	-50	0.7692742
50	11.53629	-50	0.7692742
50	11.53629	-50	0.7692742
50	11.53629	-50	0.7692742
50	11.53629	-50	0.7692742
50	11.53629	-50	0.7692742
50	11.53629	-50	0.7692742
50	11.53629	-50	0.7692742
50	11.53629	-50	0.7692742
50	11.53629	-50	0.7692742
50	11.53629	-50	0.7692742
50	11.53629	-50	0.7692742
50	11.53629	-50	0.7692742
50	11.53629	-50	0.7692742
50	11.53629	-50	0.7692742
50	11.53629	-50	0.7692742
50	11.53629	-50	0.7692742
50	11.53629	-50	0.7692742
50	11.53629	-50	0.7692742
50	11.53629	-50	0.7692742
50	11.53629	-50	0.7692742
50	11.53629	-50	0.7692742
50	11.53629	-50	0.7692742
50	11.53629	-50	0.7692742
50	11.53629	-50	0.7692742
50	11.53629	-50	0.7692742
50	11.53629	-50	0.7692742
50	11.53629	-50	0.7692742
50	11.53625	-50	0.769275
50	11.53625	-50	0.7692751
50	11.53625	-50	0.7692751
50	11.53625	-50	0.7692751
50	11.53625	-50	0.7692751
50	11.53625	-50	0.7692751
50	11.53625	-50	0.7692751
50	11.53625	-50	0.7692751
50	11.53625	-50	0.7692751
50	11.53625	-50	0.7692751
50	11.53625	-50	0.7692751
50	11.53625	-50	0.7692751
50	11.53625	-50	0.7692751
50	11.53625	-50	0.7692751
50	11.53625	-50	0.7692751
50	11.53625	-50	0.7692751
50	11.53625	-50	0.7692751
50	11.53625	-50	0.7692751
50	11.53625	-50	0.7692751
50	11.53625	-50	0.7692751
50	11.53625	-50	0.7692751
50	11.53625	-50	0.7692751
50	11.53625	-50	0.7692751
50	11.53625	-50	0.7692751
50	11.53625	-50	0.7692751
50	11.53625	-50	0.7692751
50	11.53625	-50	0.7692751
50	11.53625	-50	0.7692751
50	11.53625	-50	0.7692751
50	11.53625	-50	0.7692751
50	11.53625	-50	0.7692751
50	11.53625	-50	0.7692751
50	11.53625	-50	0.7692751
50	11.53625	-50	0.7692751
50	11.53625	-50	0.7692751
50	11.53625	-50	0.7692751
50	11.53625	-50	0.7692751
50	11.53625	-50	0.7692751
50	11.53625	-50	0.7692751
50	11.53625	-50	0.7692751
50	11.53625	-50	0.7692751
50	11.53625	-50	0.7692751
50	11.53625	-50	0.7692751
50	11.53625	-50	0.7692751
50	11.53625	-50	0.7692751
50	11.53625	-50	0.7692751
50	11.53625	-50	0.7692751
50	11.53625	-50	0.7692751
50	11.53625	-50	0.7692751
50	11.53625	-50	0.7692751
50	11.53625	-50	0.7692751
50	11.53625	-50	0.7692751
50	11.53625	-50	0.7692751
50	11.53625	-50	0.7692751
50	11.53625	-50	0.7692751
50	11.53623	-50	0.7692755
50	11.5362	-50	0.769276
50	11.5362	-50	0.769276
50	11.5362	-50	0.769276
50	11.5362	-50	0.769276
50	11.5362	-50	0.769276
50	11.5362	-50	0.769276
50	11.5362	-50	0.769276
50	11.5362	-50	0.769276
50	11.5362	-50	0.769276
50	11.5362	-50	0.769276
50	11.5362	-50	0.769276
50	11.5362	-50	0.769276
50	11.5362	-50	0.769276
50	11.5362	-50	0.769276
50	11.5362	-50	0.769276
50	11.5362	-50	0.769276
50	11.5362	-50	0.769276
50	11.5362	-50	0.769276
50	11.5362	-50	0.769276
50	11.5362	-50	0.769276
50	11.5362	-50	0.769276
50	11.5362	-50	0.769276
50	11.5362	-50	0.769276
50	11.5362	-50	0.769276
50	11.5362	-50	0.769276
50	11.5362	-50	0.769276
50	11.5362	-50	0.769276
50	11.5362	-50	0.769276
50	11.5362	-50	0.769276
50	11.5362	-50	0.769276
50	11.5362	-50	0.769276
50	11.5362	-50	0.769276
50	11.5362	-50	0.769276
50	11.5362	-50	0.769276
50	11.5362	-50	0.769276
50	11.5362	-50	0.769276
50	11.5362	-50	0.769276
50	11.5362	-50	0.769276
50	11.5362	-50	0.769276
50	11.5362	-50	0.769276
50	11.5362	-50	0.769276
50	11.5362	-50	0.769276
50	11.5362	-50	0.769276
50	11.5362	-50	0.769276
50	11.5362	-50	0.769276
50	11.5362	-50	0.769276
50	11.5362	-50	0.769276
50	11.5362	-50	0.769276
50	11.5362	-50	0.769276
50	11.5362	-50	0.769276
50	11.5362	-50	0.769276
50	11.5362	-50	0.769276
50	11.5362	-50	0.769276
50	11.5362	-50	0.769276
50	11.5362	-50	0.769276
50	11.5362	-50	0.769276
50	11.5362	-50	0.769276
50	11.53616	-50	0.7692768
50	11.53616	-50	0.7692769
50	11.53616	-50	0.7692769
50	11.53616	-50	0.7692769
50	11.53616	-50	0.7692769
50	11.53616	-50	0.7692769
50	11.53616	-50	0.7692769
50	11.53616	-50	0.7692769
50	11.53616	-50	0.7692769
50	11.53616	-50	0.7692769
50	11.53616	-50	0.7692769
50	11.53616	-50	0.7692769
50	11.53616	-50	0.7692769
50	11.53616	-50	0.7692769
50	11.53616	-50	0.7692769
50	11.53616	-50	0.7692769
50	11.53616	-50	0.7692769
50	11.53616	-50	0.7692769
50	11.53616	-50	0.7692769
50	11.53616	-50	0.7692769
50	11.53616	-50	0.7692769
50	11.53616	-50	0.7692769
50	11.53616	-50	0.7692769
50	11.53616	-50	0.7692769
50	11.53616	-50	0.7692769
50	11.53616	-50	0.7692769
50	11.53616	-50	0.7692769
50	11.53616	-50	0.7692769
50	11.53616	-50	0.7692769
50	11.53616	-50	0.7692769
50	11.53616	-50	0.7692769
50	11.53616	-50	0.7692769
50	11.53616	-50	0.7692769
50	11.53616	-50	0.7692769
50	11.53616	-50	0.7692769
50	11.53616	-50	0.7692769
50	11.53616	-50	0.7692769
50	11.53616	-50	0.7692769
50	11.53616	-50	0.7692769
50	11.53616	-50	0.7692769
50	11.53616	-50	0.7692769
50	11.53616	-50	0.7692769
50	11.53616	-50	0.7692769
50	11.53616	-50	0.7692769
50	11.53616	-50	0.7692769
50	11.53616	-50	0.7692769
50	11.53616	-50	0.7692769
50	11.53616	-50	0.7692769
50	11.53616	-50	0.7692769
50	11.53616	-50	0.7692769
50	11.53616	-50	0.7692769
50	11.53616	-50	0.7692769
50	11.53616	-50	0.7692769
50	11.53616	-50	0.7692769
50	11.53616	-50	0.7692769
50	11.53616	-50	0.7692769
50	11.53616	-50	0.7692769
50	11.53616	-50	0.7692769
50	11.53616	-50	0.7692769
50	11.53616	-50	0.7692769
50	11.53611	-50	0.7692778
50	11.53611	-50	0.7692778
50	11.53611	-50	0.7692778
50	11.53611	-50	0.7692778
50	11.53611	-50	0.7692778
50	11.53611	-50	0.7692778
50	11.53611	-50	0.7692778
50	11.53611	-50	0.7692778
50	11.53611	-50	0.7692778
50	11.53611	-50	0.7692778
50	11.53611	-50	0.7692778
50	11.53611	-50	0.7692778
50	11.53611	-50	0.7692778
50	11.53611	-50	0.7692778
50	11.53611	-50	0.7692778
50	11.53611	-50	0.7692778
50	11.53611	-50	0.7692778
50	11.53611	-50	0.7692778
50	11.53611	-50	0.7692778
50	11.53611	-50	0.7692778
50	11.53611	-50	0.7692778
50	11.53611	-50	0.7692778
50	11.53611	-50	0.7692778
50	11.53611	-50	0.7692778
50	11.53611	-50	0.7692778
50	11.53611	-50	0.7692778
50	11.53611	-50	0.7692778
50	11.53611	-50	0.7692778
50	11.53611	-50	0.7692778
50	11.53611	-50	0.7692778
50	11.53611	-50	0.7692778
50	11.53611	-50	0.7692778
50	11.53611	-50	0.7692778
50	11.53611	-50	0.7692778
50	11.53611	-50	0.7692778
50	11.53611	-50	0.7692778
50	11.53611	-50	0.7692778
50	11.53611	-50	0.7692778
50	11.53611	-50	0.7692778
50	11.53611	-50	0.7692778
50	11.53611	-50	0.7692778
50	11.53611	-50	0.7692778
50	11.53611	-50	0.7692778
50	11.53611	-50	0.7692778
50	11.53611	-50	0.7692778
50	11.53611	-50	0.7692778
50	11.53611	-50	0.7692778
50	11.53611	-50	0.7692778
50	11.53611	-50	0.7692778
50	11.53611	-50	0.7692778
50	11.53611	-50	0.7692778
50	11.53611	-50	0.7692778
50	11.53611	-50	0.7692778
50	11.53611	-50	0.7692778
50	11.53611	-50	0.7692778
50	11.53611	-50	0.7692778
50	11.53611	-50	0.7692778
50	11.53611	-50	0.7692778
50	11.53611	-50	0.7692778
50	11.53611	-50	0.7692778
50	11.53611	-50	0.7692778
50	11.53611	-50	0.7692778
50	11.53608	-50	0.7692785
50	11.53606	-50	0.7692787
50	11.53606	-50	0.7692787
50	11.53606	-50	0.7692787
50	11.53606	-50	0.7692787
50	11.53606	-50	0.7692787
50	11.53606	-50	0.7692787
50	11.53606	-50	0.7692787
50	11.53606	-50	0.7692787
50	11.53606	-50	0.7692787
50	11.53606	-50	0.7692787
50	11.53606	-50	0.7692787
50	11.53606	-50	0.7692787
50	11.53606	-50	0.7692787
50	11.53606	-50	0.7692787
50	11.53606	-50	0.7692787
50	11.53606	-50	0.7692787
50	11.53606	-50	0.7692787
50	11.53606	-50	0.7692787
50	11.53606	-50	0.7692787
50	11.53606	-50	0.7692787
50	11.53606	-50	0.7692787
50	11.53606	-50	0.7692787
50	11.53606	-50	0.7692787
50	11.53606	-50	0.7692787
50	11.53606	-50	0.7692787
50	11.53606	-50	0.7692787
50	11.53606	-50	0.7692787
50	11.53606	-50	0.7692787
50	11.53606	-50	0.7692787
50	11.53606	-50	0.7692787
50	11.53606	-50	0.7692787
50	11.53606	-50	0.7692787
50	11.53606	-50	0.7692787
50	11.53606	-50	0.7692787
50	11.53606	-50	0.7692787
50	11.53606	-50	0.7692787
50	11.53606	-50	0.7692787
50	11.53606	-50	0.7692787
50	11.53606	-50	0.7692787
50	11.53606	-50	0.7692787
50	11.53606	-50	0.7692787
50	11.53606	-50	0.7692787
50	11.53606	-50	0.7692787
50	11.53606	-50	0.7692787
50	11.53606	-50	0.7692787
50	11.53606	-50	0.7692787
50	11.53606	-50	0.7692787
50	11.53606	-50	0.7692787
50	11.53606	-50	0.7692787
50	11.53606	-50	0.7692787
50	11.53606	-50	0.7692787
50	11.53606	-50	0.7692787
50	11.53606	-50	0.7692787
50	11.53606	-50	0.7692787
50	11.53606	-50	0.7692787
50	11.53606	-50	0.7692787
50	11.53606	-50	0.7692787
50	11.53606	-50	0.7692787
50	11.53606	-50	0.7692787
50	11.53606	-50	0.7692787
50	11.53606	-50	0.7692787
50	11.53606	-50	0.7692787
50	11.53606	-50	0.7692787
50	11.53606	-50	0.7692787
50	11.53602	-50	0.7692797
50	11.53602	-50	0.7692797
50	11.53602	-50	0.7692797
50	11.53602	-50	0.7692797
50	11.53602	-50	0.7692797
50	11.53602	-50	0.7692797
50	11.53602	-50	0.7692797
50	11.53602	-50	0.7692797
50	11.53602	-50	0.7692797
50	11.53602	-50	0.7692797
50	11.53602	-50	0.7692797
50	11.53602	-50	0.7692797
50	11.53602	-50	0.7692797
50	11.53602	-50	0.7692797
50	11.53602	-50	0.7692797
50	11.53602	-50	0.7692797
50	11.53602	-50	0.7692797
50	11.53602	-50	0.7692797
50	11.53602	-50	0.7692797
50	11.53602	-50	0.7692797
50	11.53602	-50	0.7692797
50	11.53602	-50	0.7692797
50	11.53602	-50	0.7692797
50	11.53602	-50	0.7692797
50	11.53602	-50	0.7692797
50	11.53602	-50	0.7692797
50	11.53602	-50	0.7692797
50	11.53602	-50	0.7692797
50	11.53602	-50	0.7692797
50	11.53602	-50	0.7692797
50	11.53602	-50	0.7692797
50	11.53602	-50	0.7692797
50	11.53602	-50	0.7692797
50	11.53602	-50	0.7692797
50	11.53602	-50	0.7692797
50	11.53602	-50	0.7692797
50	11.53602	-50	0.7692797
50	11.53602	-50	0.7692797
50	11.53602	-50	0.7692797
50	11.53602	-50	0.7692797
50	11.53602	-50	0.7692797
50	11.53602	-50	0.7692797
50	11.53602	-50	0.7692797
50	11.53602	-50	0.7692797
50	11.53602	-50	0.7692797
50	11.53602	-50	0.7692797
50	11.53602	-50	0.7692797
50	11.53602	-50	0.7692797
50	11.53602	-50	0.7692797
50	11.53602	-50	0.7692797
50	11.53602	-50	0.7692797
50	11.53602	-50	0.7692797
50	11.53602	-50	0.7692797
50	11.53602	-50	0.7692797
50	11.53602	-50	0.7692797
50	11.53602	-50	0.7692797
50	11.53602	-50	0.7692797
50	11.53602	-50	0.7692797
50	11.53602	-50	0.7692797
50	11.53602	-50	0.7692797
50	11.53602	-50	0.7692797
50	11.53602	-50	0.7692797
50	11.53602	-50	0.7692797
50	11.53602	-50	0.7692797
50	11.53602	-50	0.7692797
50	11.53602	-50	0.7692797
50	11.53602	-50	0.7692797
50	11.53599	-50	0.7692802
50	11.53597	-50	0.7692807
50	11.53597	-50	0.7692807
50	11.53597	-50	0.7692807
50	11.53597	-50	0.7692807
50	11.53597	-50	0.7692807
50	11.53597	-50	0.7692807
50	11.53597	-50	0.7692807
50	11.53597	-50	0.7692807
50	11.53597	-50	0.7692807
50	11.53597	-50	0.7692807
50	11.53597	-50	0.7692807
50	11.53597	-50	0.7692807
50	11.53597	-50	0.7692807
50	11.53597	-50	0.7692807
50	11.53597	-50	0.7692807
50	11.53597	-50	0.7692807
50	11.53597	-50	0.7692807
50	11.53597	-50	0.7692807
50	11.53597	-50	0.7692807
50	11.53597	-50	0.7692807
50	11.53597	-50	0.7692807
50	11.53597	-50	0.7692807
50	11.53597	-50	0.7692807
50	11.53597	-50	0.7692807
50	11.53597	-50	0.7692807
50	11.53597	-50	0.7692807
50	11.53597	-50	0.7692807
50	11.53597	-50	0.7692807
50	11.53597	-50	0.7692807
50	11.53597	-50	0.7692807
50	11.53597	-50	0.7692807
